2 0.1171875 0.181640625 0.22265625 0.2119140625
2 0.1181640625 0.3681640625 0.228515625 0.14453125
2 0.359375 0.091796875 0.150390625 0.1005859375
2 0.3486328125 0.2099609375 0.2158203125 0.12109375
2 0.3134765625 0.3388671875 0.1640625 0.1220703125
2 0.150390625 0.51171875 0.2216796875 0.12109375
2 0.357421875 0.4736328125 0.15625 0.080078125
2 0.4716796875 0.337890625 0.1015625 0.1083984375
2 0.494140625 0.435546875 0.1162109375 0.0810546875
2 0.55859375 0.17578125 0.119140625 0.0712890625
2 0.5810546875 0.31640625 0.095703125 0.111328125
2 0.595703125 0.4140625 0.0732421875 0.0771484375
2 0.6630859375 0.2080078125 0.0771484375 0.08203125
2 0.673828125 0.296875 0.072265625 0.0791015625
2 0.6708984375 0.3876953125 0.0615234375 0.078125
2 0.7255859375 0.3046875 0.0244140625 0.033203125
2 0.734375 0.345703125 0.0400390625 0.037109375
2 0.736328125 0.3818359375 0.03125 0.0478515625
2 0.74609375 0.263671875 0.02734375 0.0400390625
2 0.767578125 0.294921875 0.03515625 0.037109375
2 0.7705078125 0.3232421875 0.04296875 0.0322265625
2 0.78125 0.373046875 0.04296875 0.046875
2 0.79296875 0.25390625 0.025390625 0.0458984375
2 0.10546875 0.806640625 0.1083984375 0.0888671875
2 0.10048099606815203 0.8142972027972029 0.11716422530122406 0.811695112570213 0.11793442656238959 0.811274649621989 0.1103826998689384 0.8087552447552447 0.09989777195281782 0.7994283216783217 0.08516277210269914 0.8374415491219179 0.09407339449541285 0.8243006993006993 0.11649674954260957 0.8120594963222084 0.10048099606815203 0.8142972027972029
2 0.12872816225844586 0.8148756525908302 0.12395974669720285 0.8132848151758489 0.08242332896461338 0.8445087412587413 0.08516277210269914 0.8374415491219179 0.07193840104849279 0.856944055944056 0.09640366972477064 0.8445087412587413 0.10455832241153343 0.8351818181818181 0.12872816225844586 0.8148756525908302
2 0.17678768020969857 0.7792202797202797 0.15232085177511473 0.7925451572218352 0.12978706196635442 0.8097263234668352 0.13601310615989515 0.8087552447552447 0.12872816225844586 0.8148756525908302 0.12902228047182177 0.8149737762237763 0.14882830930537352 0.8025384615384615 0.1581480996068152 0.7916555944055944 0.17678768020969857 0.7792202797202797
2 0.12840722727194906 0.8099415368600587 0.1495201350710603 0.794070455324851 0.11970249017038008 0.8103094405594405 0.11793442656238959 0.811274649621989 0.11854786690658158 0.8114793054114994 0.12840722727194906 0.8099415368600587
2 0.12436304062909567 0.9097954545454546 0.14766317169069462 0.8942517482517482 0.16047706422018349 0.8849248251748252 0.17795281782437744 0.8709335664335663 0.1954272608125819 0.8584982517482517 0.22804718217562253 0.8289632867132867 0.2420275229357798 0.8103094405594405 0.23503669724770643 0.786993006993007 0.2222228047182176 0.7745576923076923 0.2094076015727392 0.7792202797202797 0.18610747051114024 0.7994283216783217 0.14649803407601575 0.827409090909091 0.12785845347313238 0.8367360139860139 0.1127129750982962 0.8429545454545455 0.05630523019123877 0.8890340079509249 0.05242463958060288 0.9075367132867133 0.0742686762778506 0.9268951048951048 0.08591874180865006 0.9315576923076923 0.12436304062909567 0.9097954545454546
2 0.08708256880733946 0.9844108391608392 0.11853735255570118 0.9828548951048951 0.2513473132372215 0.9020227272727273 0.2664914809960682 0.8553898601398602 0.22338663171690692 0.8538356643356644 0.15465268676277852 0.8942517482517482 0.13601310615989515 0.9144597902097903 0.10339318479685451 0.9386171328671329 0.09523853211009174 0.9315576923076923 0.08708256880733946 0.9844108391608392
2 0.2769764089121887 0.7434685314685315 0.3806605504587156 0.6983881118881119 0.3864862385321101 0.6750716783216784 0.3678466579292267 0.6517552447552447 0.2862961992136304 0.6999423076923077 0.2804718217562254 0.7046066433566434 0.2769764089121887 0.7434685314685315
2 0.2804718217562254 0.8072010489510489 0.4109515072083879 0.7356958041958042 0.37134076015727396 0.7170419580419581 0.3760013106159895 0.7061608391608392 0.2711520314547838 0.7667849650349651 0.2804718217562254 0.8072010489510489
2 0.30144167758846657 0.8771520979020979 0.4260956749672346 0.7807744755244755 0.40046657929226737 0.7543496503496504 0.40046657929226737 0.7527954545454545 0.3026068152031455 0.8258548951048951 0.30144167758846657 0.8771520979020979
2 0.29911140235910877 0.9252832167832167 0.2653263433813892 0.8879755244755245 0.24365050084062256 0.9199981354829487 0.23853211009174313 0.9206188811188812 0.1616422018348624 0.9874615384615384 0.22921231979030146 0.9921241258741259 0.29911140235910877 0.9252832167832167
2 0.3165871559633028 0.9408269230769231 0.43658060288335515 0.8428968531468531 0.41794102228047186 0.8024790209790209 0.41328047182175626 0.8040349650349651 0.30843119266055047 0.8864213286713287 0.3165871559633028 0.9408269230769231
2 0.5517693315858454 0.6993006993006993 0.6068152031454784 0.6643356643356644 0.6133682830930537 0.6486013986013986 0.6120576671035387 0.6293706293706294 0.6094364351245085 0.6223776223776224 0.5897771952817824 0.6276223776223776 0.5478374836173001 0.6555944055944056 0.528178243774574 0.6590909090909091 0.5386631716906947 0.6958041958041958 0.5517693315858454 0.6993006993006993
2 0.5425950196592398 0.6223776223776224 0.5530799475753604 0.6398601398601399 0.5753604193971167 0.6258741258741258 0.609 0.6066171328671329 0.564875491480996 0.6013986013986014 0.5439056356487549 0.6083916083916084 0.546526867627785 0.6171328671328671 0.5425950196592398 0.6223776223776224
2 0.5176933158584535 0.6048951048951049 0.528178243774574 0.6048951048951049 0.5871559633027523 0.5699300699300699 0.5923984272608126 0.5576923076923077 0.5779816513761468 0.5454545454545454 0.564875491480996 0.5454545454545454 0.5504587155963303 0.5576923076923077 0.5255570117955439 0.5629370629370629 0.5006553079947575 0.583916083916084 0.5006553079947575 0.5926573426573427 0.5176933158584535 0.6048951048951049
2 0.4167758846657929 0.715034965034965 0.41415465268676277 0.722027972027972 0.42463958060288337 0.7255244755244755 0.4705111402359109 0.6888111888111889 0.4849279161205767 0.6678321678321678 0.508519003931848 0.6573426573426573 0.5190039318479686 0.6363636363636364 0.4967234600262123 0.6223776223776224 0.4338138925294889 0.6590909090909091 0.4076015727391874 0.6853146853146853 0.4076015727391874 0.701048951048951 0.4167758846657929 0.715034965034965
2 0.39580602883355176 0.6748251748251748 0.40498034076015726 0.6800699300699301 0.46526867627785057 0.6416083916083916 0.4796854521625164 0.6223776223776224 0.46264744429882043 0.6101398601398601 0.4351245085190039 0.6311188811188811 0.39580602883355176 0.6486013986013986 0.3918741808650066 0.6538461538461539 0.39580602883355176 0.6748251748251748
2 0.4272608125819135 0.7447552447552448 0.43119266055045874 0.7674825174825175 0.436435124508519 0.7744755244755245 0.44954128440366975 0.7744755244755245 0.5216251638269986 0.7185314685314685 0.5334207077326344 0.6940559440559441 0.5163826998689384 0.6713286713286714 0.509829619921363 0.6713286713286714 0.4233289646133683 0.7342657342657343 0.42070773263433814 0.7377622377622378 0.4272608125819135 0.7447552447552448
2 0.4442988204456094 0.798951048951049 0.44954128440366975 0.8146853146853147 0.46264744429882043 0.8234265734265734 0.512305373525557 0.7884895104895105 0.5360419397116645 0.7657342657342657 0.546526867627785 0.7395104895104895 0.5439056356487549 0.7202797202797203 0.5386631716906947 0.7132867132867133 0.5307994757536042 0.715034965034965 0.4534731323722149 0.777972027972028 0.4442988204456094 0.7902097902097902 0.4442988204456094 0.798951048951049
2 0.47182175622542594 0.8391608391608392 0.48623853211009177 0.8409090909090909 0.5661861074705111 0.7744755244755245 0.5530799475753604 0.756993006993007 0.5439056356487549 0.7587412587412588 0.46788990825688076 0.8216783216783217 0.46526867627785057 0.8304195804195804 0.47182175622542594 0.8391608391608392
2 0.6526867627785059 0.708041958041958 0.6749672346002621 0.7062937062937062 0.6828309305373526 0.6958041958041958 0.6815203145478375 0.666083916083916 0.6461336828309305 0.6853146853146853 0.6422018348623854 0.6958041958041958 0.6526867627785059 0.708041958041958
2 0.6592398427260813 0.6503496503496503 0.6526867627785059 0.6748251748251748 0.6920052424639581 0.6468531468531469 0.6933158584534731 0.6328671328671329 0.6815203145478375 0.6153846153846154 0.6592398427260813 0.6293706293706294 0.6487549148099607 0.6363636363636364 0.6592398427260813 0.6503496503496503
2 0.6251638269986894 0.6468531468531469 0.6317169069462647 0.6468531468531469 0.6762778505897772 0.6171328671328671 0.6854521625163827 0.5944055944055944 0.6815203145478375 0.583916083916084 0.6671035386631717 0.5821678321678322 0.6159895150720839 0.6118881118881119 0.6186107470511141 0.6363636363636364 0.6251638269986894 0.6468531468531469
2 0.6094364351245085 0.6013986013986014 0.6212319790301442 0.6066433566433567 0.6697247706422018 0.5751748251748252 0.672346002621232 0.5576923076923077 0.6618610747051115 0.5454545454545454 0.6526867627785059 0.5454545454545454 0.6120576671035387 0.5664335664335665 0.6055045871559633 0.5734265734265734 0.6094364351245085 0.6013986013986014
2 0.6068152031454784 0.5664335664335665 0.6579292267365662 0.5384615384615384 0.6631716906946264 0.5227272727272727 0.653997378768021 0.5087412587412588 0.6461336828309305 0.5087412587412588 0.5937090432503277 0.534965034965035 0.5950196592398427 0.5524475524475524 0.6068152031454784 0.5664335664335665
2 0.7142857142857143 0.6608391608391608 0.7234600262123198 0.6590909090909091 0.7365661861074705 0.6398601398601399 0.7300131061598951 0.6258741258741258 0.7247706422018348 0.6258741258741258 0.7011795543905636 0.6451048951048951 0.7011795543905636 0.6520979020979021 0.7142857142857143 0.6608391608391608
2 0.6920052424639581 0.6066433566433567 0.7182175622542595 0.5891608391608392 0.7195281782437746 0.5786713286713286 0.7116644823066841 0.5629370629370629 0.7011795543905636 0.5611888111888111 0.6933158584534731 0.5699300699300699 0.6867627785058977 0.5821678321678322 0.6920052424639581 0.6066433566433567
2 0.690694626474443 0.5716783216783217 0.7064220183486238 0.5506993006993007 0.7064220183486238 0.5384615384615384 0.7011795543905636 0.5332167832167832 0.6762778505897772 0.5384615384615384 0.6815203145478375 0.5751748251748252 0.690694626474443 0.5716783216783217