2 0.06044538706256628 0.09927797833935019 0.1452810180275716 0.09747292418772563 0.1484623541887593 0.0776173285198556 0.1580063626723224 0.05956678700361011 0.15270413573700956 0.02888086642599278 0.13467656415694593 0.021660649819494587 0.05302226935312832 0.023465703971119134 0.044538706256627786 0.03429602888086643 0.044538706256627786 0.0884476534296029 0.06044538706256628 0.09927797833935019
2 0.06044538706256628 0.1768953068592058 0.1580063626723224 0.17870036101083034 0.16118769883351008 0.09927797833935019 0.06892895015906682 0.10288808664259928 0.04984093319194062 0.11371841155234658 0.04772004241781549 0.13176895306859207 0.06044538706256628 0.1768953068592058
2 0.0975609756097561 0.25631768953068595 0.1230116648992577 0.25992779783393505 0.1389183457051962 0.2509025270758123 0.15058324496288442 0.2581227436823105 0.15588547189819726 0.19494584837545126 0.13043478260869568 0.18050541516245489 0.055143160127253454 0.18231046931407943 0.045599151643690355 0.19133574007220217 0.045599151643690355 0.2111913357400722 0.036055143160127257 0.23104693140794225 0.036055143160127257 0.26534296028880866 0.0975609756097561 0.25631768953068595
2 0.18027571580063628 0.09566787003610108 0.2619300106044539 0.09386281588447654 0.27359490986214213 0.0884476534296029 0.27677624602332984 0.0776173285198556 0.27677624602332984 0.03068592057761733 0.27253446447507956 0.018050541516245487 0.183457051961824 0.019855595667870037 0.17073170731707318 0.03068592057761733 0.1739130434782609 0.0740072202166065 0.18027571580063628 0.09566787003610108
2 0.17179215270413575 0.18050541516245489 0.17815482502651114 0.18050541516245489 0.21633085896076354 0.16967509025270758 0.26299045599151644 0.1732851985559567 0.26086956521739135 0.12093862815884476 0.2672322375397667 0.11191335740072203 0.27253446447507956 0.11732851985559567 0.27571580063626727 0.10469314079422383 0.26299045599151644 0.09747292418772563 0.18981972428419938 0.09747292418772563 0.17497348886532346 0.10108303249097474 0.16967126193001061 0.11010830324909748 0.16861081654294804 0.17148014440433212 0.17179215270413575 0.18050541516245489
2 0.16542948038176036 0.2148014440433213 0.1643690349946978 0.23104693140794225 0.15376458112407212 0.24548736462093865 0.14422057264050903 0.2436823104693141 0.15906680805938495 0.25992779783393505 0.26299045599151644 0.2545126353790614 0.2863202545068929 0.25992779783393505 0.29162248144220576 0.2472924187725632 0.2873806998939555 0.23104693140794225 0.2905620360551432 0.22743682310469315 0.2895015906680806 0.20938628158844766 0.271474019088017 0.19494584837545126 0.2619300106044539 0.1768953068592058 0.20890774125132558 0.17509025270758125 0.18769883351007424 0.17870036101083034 0.17285259809119832 0.19133574007220217 0.1739130434782609 0.20577617328519857 0.16542948038176036 0.2148014440433213
2 0.3902439024390244 0.2581227436823105 0.38706256627783675 0.22021660649819497 0.3817603393425239 0.20938628158844766 0.3700954400848357 0.20397111913357402 0.3626723223753977 0.2148014440433213 0.36797454931071055 0.25992779783393505 0.3902439024390244 0.2581227436823105
2 0.30010604453870626 0.20577617328519857 0.3054082714740191 0.2509025270758123 0.31071049840933196 0.2581227436823105 0.3552492046659597 0.2581227436823105 0.35737009544008486 0.2256317689530686 0.3531283138918346 0.20577617328519857 0.3584305408271474 0.19494584837545126 0.3743372216330859 0.18772563176895307 0.3849416755037116 0.19494584837545126 0.39236479321314954 0.21299638989169675 0.3976670201484624 0.25992779783393505 0.4316012725344645 0.26173285198555957 0.4358430540827148 0.2545126353790614 0.4379639448568399 0.15703971119133575 0.43690349946977736 0.13537906137184116 0.4316012725344645 0.12274368231046932 0.3478260869565218 0.11552346570397112 0.28525980911983034 0.11913357400722022 0.2863202545068929 0.16064981949458484 0.30010604453870626 0.20577617328519857
2 0.4538706256627784 0.19133574007220217 0.47932131495228003 0.20397111913357402 0.47507953340402975 0.22743682310469315 0.47826086956521746 0.2581227436823105 0.5376458112407212 0.26173285198555957 0.5832449628844115 0.2509025270758123 0.5821845174973489 0.23104693140794225 0.5864262990455992 0.22743682310469315 0.5885471898197243 0.20938628158844766 0.5864262990455992 0.19494584837545126 0.5917285259809121 0.18411552346570398 0.5906680805938495 0.14620938628158844 0.5959703075291624 0.12815884476534298 0.5927889713679746 0.12093862815884476 0.4506892895015907 0.12093862815884476 0.44856839872746557 0.13357400722021662 0.4538706256627784 0.19133574007220217
2 0.454931071049841 0.11732851985559567 0.5630965005302228 0.11552346570397112 0.5737009544008485 0.09566787003610108 0.5737009544008485 0.08664259927797835 0.5683987274655355 0.09025270758122744 0.5482502651113468 0.07942238267148015 0.5323435843054083 0.08303249097472924 0.5090137857900319 0.0740072202166065 0.4506892895015907 0.09025270758122744 0.44538706256627786 0.10649819494584838 0.454931071049841 0.11732851985559567
2 0.41145281018027574 0.11732851985559567 0.42523860021208915 0.10830324909747292 0.39978791092258753 0.0776173285198556 0.3435843054082715 0.0776173285198556 0.3054082714740191 0.0884476534296029 0.30752916224814425 0.11732851985559567 0.41145281018027574 0.11732851985559567
2 0.6055143160127254 0.1263537906137184 0.6680805938494169 0.13537906137184116 0.7200424178154826 0.13357400722021662 0.7306468716861082 0.1263537906137184 0.7454931071049842 0.12996389891696752 0.7635206786850478 0.01444043321299639 0.6044538706256628 0.010830324909747294 0.5949098621420997 0.012635379061371842 0.5927889713679746 0.019855595667870037 0.5917285259809121 0.09205776173285199 0.6055143160127254 0.1263537906137184
2 0.6065747613997879 0.20577617328519857 0.59915164369035 0.21660649819494585 0.6055143160127254 0.23104693140794225 0.59915164369035 0.2472924187725632 0.616118769883351 0.2581227436823105 0.6659597030752917 0.2581227436823105 0.7051961823966066 0.2545126353790614 0.7179215270413575 0.24007220216606498 0.7253446447507954 0.22021660649819497 0.7253446447507954 0.20577617328519857 0.7465535524920467 0.17870036101083034 0.7539766702014847 0.13898916967509026 0.6044538706256628 0.13537906137184116 0.6002120890774125 0.14620938628158844 0.6002120890774125 0.17509025270758125 0.6065747613997879 0.20577617328519857
2 0.7656415694591729 0.09566787003610108 0.8377518557794275 0.09205776173285199 0.8430540827147402 0.0740072202166065 0.8472958642629905 0.01444043321299639 0.7773064687168612 0.010830324909747294 0.7688229056203606 0.021660649819494587 0.7624602332979852 0.06137184115523466 0.7613997879109227 0.09205776173285199 0.7656415694591729 0.09566787003610108
2 0.9045599151643692 0.09747292418772563 0.9247083775185578 0.0884476534296029 0.9374337221633087 0.01444043321299639 0.8557794273594911 0.012635379061371842 0.8525980911983033 0.02888086642599278 0.8515376458112408 0.09205776173285199 0.9045599151643692 0.09747292418772563
2 0.7656415694591729 0.20216606498194947 0.7624602332979852 0.20938628158844766 0.7656415694591729 0.22382671480144406 0.8133616118769884 0.2256317689530686 0.8345705196182397 0.2184115523465704 0.8409331919406151 0.16425992779783394 0.8419936373276777 0.10469314079422383 0.8176033934252387 0.09747292418772563 0.7688229056203606 0.09927797833935019 0.7624602332979852 0.10469314079422383 0.76033934252386 0.11732851985559567 0.7571580063626724 0.1768953068592058 0.7656415694591729 0.20216606498194947
2 0.8525980911983033 0.19133574007220217 0.8451749734888654 0.2220216606498195 0.9130434782608696 0.22382671480144406 0.926829268292683 0.2148014440433213 0.9459172852598092 0.12454873646209387 0.9353128313891835 0.09747292418772563 0.9331919406150584 0.10288808664259928 0.8621420996818665 0.09927797833935019 0.853658536585366 0.10830324909747292 0.8568398727465536 0.12454873646209387 0.8483563096500532 0.15703971119133575 0.8483563096500532 0.18592057761732853 0.8525980911983033 0.19133574007220217