0 0.5282442748091603 0.7984886649874056 0.5389312977099237 0.8564231738035264 0.5679389312977099 0.924433249370277 0.650381679389313 0.9521410579345088 0.6610687022900763 0.924433249370277 0.6900763358778625 0.8992443324937027 0.6885496183206107 0.7984886649874056 0.6748091603053435 0.7707808564231737 0.6854961832061068 0.7380352644836272 0.683969465648855 0.6322418136020151 0.6778625954198473 0.5919395465994962 0.6610687022900763 0.5743073047858942 0.6259541984732825 0.5818639798488665 0.6091603053435114 0.5692695214105793 0.5358778625954198 0.5717884130982368 0.5282442748091603 0.5768261964735516 0.5282442748091603 0.7984886649874056
0 0.5206106870229008 0.5415617128463476 0.6748091603053435 0.544080604534005 0.6748091603053435 0.46851385390428213 0.6885496183206107 0.44836272040302266 0.7282442748091603 0.43828715365239296 0.716030534351145 0.18387909319899243 0.7083969465648855 0.14609571788413098 0.682442748091603 0.08060453400503778 0.6412213740458015 0 0.5572519083969466 0 0.5038167938931297 0.1889168765743073 0.5114503816793893 0.4659949622166247 0.5206106870229008 0.5415617128463476
0 0.013740458015267175 0.6977329974811083 0.012213740458015267 0.5566750629722922 0.0015267175572519084 0.5516372795969773 0 0.6801007556675063 0.013740458015267175 0.6977329974811083
0 0.02748091603053435 0.7052896725440806 0.03358778625954199 0.7052896725440806 0.04732824427480916 0.6952141057934509 0.042748091603053436 0.5818639798488665 0.03816793893129771 0.5566750629722922 0.022900763358778626 0.5566750629722922 0.022900763358778626 0.690176322418136 0.02748091603053435 0.7052896725440806
0 0 0.327455919395466 0 0.5340050377833753 0.012213740458015267 0.5340050377833753 0.016793893129770993 0.5037783375314862 0.03206106870229008 0.4937027707808564 0.02748091603053435 0.3526448362720403 0.051908396946564885 0.28211586901763225 0.044274809160305344 0.22921914357682618 0.0183206106870229 0.22921914357682618 0.013740458015267175 0.28463476070528965 0 0.327455919395466
0 0.7557251908396947 0.836272040302267 0.7633587786259541 0.8790931989924433 0.7786259541984732 0.9168765743073047 0.7786259541984732 0.9370277078085643 0.7938931297709924 0.9748110831234257 0.8122137404580153 0.9974811083123425 0.9251908396946564 0.9974811083123425 0.983206106870229 0.9874055415617128 0.9862595419847329 0.5869017632241813 0.7511450381679389 0.5869017632241813 0.7603053435114504 0.6926952141057934 0.7557251908396947 0.836272040302267
0 0.7358778625954199 0.3954659949622166 0.7343511450381679 0.46851385390428213 0.7435114503816794 0.5465994962216625 0.9862595419847329 0.5491183879093199 0.9847328244274809 0 0.7633587786259541 0 0.7557251908396947 0.007556675062972292 0.7358778625954199 0.07052896725440806 0.7358778625954199 0.09319899244332494 0.7236641221374046 0.13350125944584382 0.7236641221374046 0.2896725440806045 0.7358778625954199 0.3954659949622166
0 0.38167938931297707 0.544080604534005 0.4625954198473282 0.5390428211586902 0.46564885496183206 0.4760705289672544 0.4748091603053435 0.4634760705289672 0.5068702290076336 0.45843828715365237 0.5083969465648855 0.4181360201511335 0.49770992366412214 0.2720403022670025 0.49923664122137407 0.16120906801007556 0.4549618320610687 0.04785894206549118 0.4534351145038168 0 0.40458015267175573 0.0025188916876574307 0.41068702290076337 0.04534005037783375 0.37251908396946565 0.163727959697733 0.35572519083969467 0.24181360201511334 0.366412213740458 0.5340050377833753 0.38167938931297707 0.544080604534005
0 0.37557251908396944 0.7632241813602015 0.39236641221374047 0.8261964735516373 0.40916030534351144 0.8614609571788413 0.43206106870229005 0.8740554156171284 0.4961832061068702 0.8614609571788413 0.49923664122137407 0.8463476070528967 0.5251908396946565 0.8161209068010076 0.5251908396946565 0.6675062972292192 0.516030534351145 0.6649874055415617 0.5206106870229008 0.5994962216624685 0.49770992366412214 0.5717884130982368 0.37709923664122136 0.5692695214105793 0.37251908396946565 0.7204030226700252 0.37557251908396944 0.7632241813602015
0 0.26564885496183205 0.7808564231738035 0.282442748091603 0.8136020151133501 0.2961832061068702 0.8211586901763224 0.3236641221374046 0.8161209068010076 0.3282442748091603 0.8035264483627204 0.3480916030534351 0.8136020151133501 0.37251908396946565 0.7808564231738035 0.366412213740458 0.7481108312342569 0.37251908396946565 0.5768261964735516 0.3648854961832061 0.5667506297229219 0.32061068702290074 0.579345088161209 0.31755725190839695 0.5642317380352645 0.2580152671755725 0.5642317380352645 0.2549618320610687 0.7178841309823677 0.26564885496183205 0.7808564231738035
0 0.2916030534351145 0.1309823677581864 0.24427480916030533 0.2770780856423174 0.24732824427480915 0.49622166246851385 0.25190839694656486 0.5340050377833753 0.26564885496183205 0.544080604534005 0.3145038167938931 0.5415617128463476 0.31755725190839695 0.5138539042821159 0.33587786259541985 0.4760705289672544 0.35877862595419846 0.46851385390428213 0.34961832061068704 0.24433249370277077 0.3648854961832061 0.181360201511335 0.3374045801526718 0.10075566750629722 0.33587786259541985 0.042821158690176324 0.300763358778626 0.03778337531486146 0.2931297709923664 0.05289672544080604 0.2961832061068702 0.09571788413098237 0.2916030534351145 0.1309823677581864
0 0.16793893129770993 0.690176322418136 0.17404580152671756 0.7455919395465995 0.19389312977099235 0.783375314861461 0.216793893129771 0.7884130982367757 0.24274809160305344 0.778337531486146 0.2595419847328244 0.7581863979848866 0.2549618320610687 0.7103274559193955 0.2595419847328244 0.5894206549118388 0.2549618320610687 0.5642317380352645 0.16946564885496182 0.561712846347607 0.17404580152671756 0.6372795969773299 0.16793893129770993 0.690176322418136
0 0.17099236641221374 0.5415617128463476 0.21221374045801528 0.5390428211586902 0.22748091603053436 0.48614609571788414 0.24580152671755726 0.48110831234256923 0.24122137404580152 0.30226700251889166 0.2595419847328244 0.2141057934508816 0.2381679389312977 0.16624685138539042 0.23511450381679388 0.10579345088161209 0.21374045801526717 0.0982367758186398 0.1984732824427481 0.10831234256926951 0.1969465648854962 0.17632241813602015 0.15572519083969466 0.30226700251889166 0.1618320610687023 0.5289672544080605 0.17099236641221374 0.5415617128463476
0 0.09923664122137404 0.6599496221662469 0.1099236641221374 0.7304785894206549 0.12061068702290076 0.7531486146095717 0.13893129770992366 0.7556675062972292 0.14045801526717558 0.7455919395465995 0.14961832061068703 0.743073047858942 0.15725190839694655 0.7506297229219143 0.16793893129770993 0.7405541561712846 0.16793893129770993 0.579345088161209 0.1618320610687023 0.5642317380352645 0.10076335877862595 0.5591939546599496 0.10534351145038168 0.6095717884130982 0.09923664122137404 0.6599496221662469
0 0.1297709923664122 0.5390428211586902 0.13435114503816795 0.4937027707808564 0.15725190839694655 0.4836272040302267 0.15267175572519084 0.3148614609571788 0.17404580152671756 0.23425692695214106 0.15725190839694655 0.15113350125944583 0.1282442748091603 0.15365239294710328 0.13129770992366413 0.20654911838790932 0.11297709923664122 0.2619647355163728 0.10229007633587786 0.2695214105793451 0.08854961832061069 0.32997481108312343 0.09465648854961832 0.5340050377833753 0.1297709923664122 0.5390428211586902
0 0.09770992366412214 0.7128463476070529 0.10534351145038168 0.6171284634760705 0.10229007633587786 0.5869017632241813 0.09770992366412214 0.561712846347607 0.08091603053435115 0.5642317380352645 0.08396946564885496 0.6977329974811083 0.09770992366412214 0.7128463476070529
0 0.05801526717557252 0.7128463476070529 0.0717557251908397 0.7103274559193955 0.07633587786259542 0.6851385390428212 0.06259541984732825 0.6599496221662469 0.0717557251908397 0.6397984886649873 0.06259541984732825 0.5692695214105793 0.059541984732824425 0.5591939546599496 0.044274809160305344 0.5541561712846348 0.044274809160305344 0.6700251889168766 0.05801526717557252 0.7128463476070529
0 0.035114503816793895 0.526448362720403 0.0549618320610687 0.5365239294710328 0.0916030534351145 0.48866498740554154 0.08549618320610687 0.36523929471032746 0.09923664122137404 0.2594458438287154 0.0900763358778626 0.1964735516372796 0.06412213740458016 0.198992443324937 0.061068702290076333 0.25692695214105793 0.02900763358778626 0.3526448362720403 0.02748091603053435 0.43073047858942065 0.035114503816793895 0.526448362720403