0 0.6312217194570137 0.9452054794520548 0.7171945701357467 0.9657534246575342 0.7556561085972852 0.9315068493150684 0.7692307692307693 0.8972602739726027 0.7669683257918553 0.7636986301369862 0.6131221719457014 0.7705479452054794 0.6108597285067874 0.8972602739726027 0.6312217194570137 0.9452054794520548
0 0.6674208144796381 0.7431506849315068 0.7692307692307693 0.732876712328767 0.7895927601809956 0.39383561643835613 0.744343891402715 0.2226027397260274 0.7352941176470589 0.10273972602739725 0.6855203619909502 0.11301369863013698 0.6855203619909502 0.1815068493150685 0.6176470588235294 0.3698630136986301 0.6153846153846154 0.732876712328767 0.6674208144796381 0.7431506849315068
0 0.7986425339366516 0.9486301369863013 0.8755656108597286 0.9657534246575342 0.904977375565611 0.9486301369863013 0.9253393665158371 0.8767123287671232 0.9230769230769231 0.7602739726027397 0.7895927601809956 0.7636986301369862 0.7850678733031675 0.797945205479452 0.7828054298642535 0.8972602739726027 0.7986425339366516 0.9486301369863013
0 0.9366515837104074 0.7294520547945205 0.9524886877828055 0.6267123287671232 0.9660633484162897 0.40753424657534243 0.9592760180995475 0.3527397260273972 0.9162895927601811 0.2089041095890411 0.9162895927601811 0.10616438356164383 0.8642533936651584 0.1095890410958904 0.8552036199095023 0.2089041095890411 0.7918552036199096 0.3664383561643835 0.7805429864253395 0.7294520547945205 0.9366515837104074 0.7294520547945205
0 0.9683257918552037 0.9280821917808219 0.993212669683258 0.9554794520547945 0.9977375565610861 0.7568493150684931 0.9457013574660634 0.7636986301369862 0.9389140271493214 0.7910958904109588 0.9457013574660634 0.8013698630136986 0.9343891402714933 0.8321917808219178 0.9321266968325793 0.9178082191780821 0.9683257918552037 0.9280821917808219
0 0.9457013574660634 0.7157534246575342 0.9547511312217195 0.7294520547945205 0.990950226244344 0.7294520547945205 0.9977375565610861 0.7226027397260274 0.9954751131221721 0.273972602739726 0.9705882352941178 0.32191780821917804 0.9773755656108598 0.3321917808219178 0.9660633484162897 0.3664383561643835 0.9570135746606335 0.636986301369863 0.9457013574660634 0.7157534246575342
0 0.4570135746606335 0.934931506849315 0.5113122171945702 0.9760273972602739 0.5294117647058824 0.9726027397260273 0.5407239819004526 0.9520547945205479 0.572398190045249 0.9554794520547945 0.5859728506787331 0.9417808219178082 0.6018099547511313 0.8698630136986301 0.5950226244343892 0.7671232876712328 0.4524886877828055 0.7705479452054794 0.4457013574660634 0.8116438356164383 0.44343891402714936 0.8698630136986301 0.4570135746606335 0.934931506849315
0 0.5995475113122173 0.7363013698630136 0.6131221719457014 0.6575342465753424 0.6131221719457014 0.3835616438356164 0.5633484162895928 0.20205479452054792 0.5633484162895928 0.11301369863013698 0.5565610859728507 0.10273972602739725 0.5113122171945702 0.10273972602739725 0.502262443438914 0.21232876712328766 0.45927601809954754 0.3116438356164383 0.4479638009049774 0.3664383561643835 0.4479638009049774 0.7431506849315068 0.5995475113122173 0.7363013698630136
0 0.10407239819004525 0.8904109589041096 0.13348416289592763 0.9691780821917808 0.22171945701357468 0.9691780821917808 0.2692307692307693 0.9075342465753424 0.27601809954751133 0.8253424657534246 0.2647058823529412 0.7705479452054794 0.13800904977375567 0.7773972602739726 0.10180995475113123 0.7808219178082192 0.10407239819004525 0.8904109589041096
0 0.0995475113122172 0.7465753424657534 0.26244343891402716 0.75 0.26244343891402716 0.3390410958904109 0.2398190045248869 0.3047945205479452 0.23755656108597287 0.2568493150684931 0.21945701357466066 0.2534246575342466 0.1990950226244344 0.2054794520547945 0.18778280542986428 0.09931506849315068 0.13574660633484165 0.0958904109589041 0.13800904977375567 0.1815068493150685 0.08371040723981901 0.3527397260273972 0.08371040723981901 0.5547945205479452 0.0995475113122172 0.7465753424657534
0 0.29638009049773756 0.9554794520547945 0.3257918552036199 0.958904109589041 0.3484162895927602 0.9794520547945205 0.416289592760181 0.9452054794520548 0.44117647058823534 0.8013698630136986 0.4321266968325792 0.7773972602739726 0.4004524886877828 0.7671232876712328 0.2873303167420815 0.7842465753424657 0.28506787330316746 0.9143835616438356 0.29638009049773756 0.9554794520547945
0 0.2647058823529412 0.3664383561643835 0.2647058823529412 0.5410958904109588 0.27828054298642535 0.7465753424657534 0.4321266968325792 0.7431506849315068 0.4366515837104073 0.5308219178082192 0.42760180995475117 0.3356164383561644 0.38914027149321273 0.2363013698630137 0.3733031674208145 0.1095890410958904 0.3257918552036199 0.0958904109589041 0.31674208144796384 0.11643835616438356 0.3212669683257919 0.1815068493150685 0.2647058823529412 0.3664383561643835
0 0.0497737556561086 0.9623287671232876 0.09276018099547512 0.9075342465753424 0.08823529411764706 0.8082191780821917 0.07918552036199096 0.7808219178082192 0.01809954751131222 0.7808219178082192 0.015837104072398193 0.9554794520547945 0.0497737556561086 0.9623287671232876
0 0.08597285067873305 0.7534246575342465 0.09276018099547512 0.6952054794520548 0.07918552036199096 0.5445205479452054 0.07918552036199096 0.3595890410958904 0.015837104072398193 0.20205479452054792 0.015837104072398193 0.7465753424657534 0.08597285067873305 0.7534246575342465
0 0.031674208144796386 0.22945205479452052 0.08371040723981901 0.3424657534246575 0.1085972850678733 0.2602739726027397 0.08597285067873305 0.18835616438356162 0.08597285067873305 0.13013698630136986 0.04298642533936652 0.11986301369863013 0.03619909502262444 0.1404109589041096 0.04072398190045249 0.19863013698630136 0.031674208144796386 0.22945205479452052
0 0.26018099547511314 0.3561643835616438 0.2714932126696833 0.3013698630136986 0.2398190045248869 0.21575342465753422 0.23303167420814483 0.13356164383561642 0.1990950226244344 0.11986301369863013 0.19683257918552038 0.1917808219178082 0.26018099547511314 0.3561643835616438
0 0.2737556561085973 0.3150684931506849 0.2873303167420815 0.2705479452054794 0.26244343891402716 0.1952054794520548 0.26018099547511314 0.14383561643835616 0.23755656108597287 0.136986301369863 0.23755656108597287 0.20205479452054792 0.2737556561085973 0.3150684931506849
0 0.4547511312217195 0.297945205479452 0.4457013574660634 0.3561643835616438 0.5067873303167422 0.18493150684931506 0.5045248868778281 0.1267123287671233 0.4909502262443439 0.13013698630136986 0.48416289592760187 0.1506849315068493 0.4864253393665159 0.2054794520547945 0.4547511312217195 0.297945205479452
0 0.5927601809954751 0.2705479452054794 0.6018099547511313 0.3082191780821918 0.6380090497737557 0.1815068493150685 0.6357466063348417 0.14383561643835616 0.6131221719457014 0.1541095890410959 0.6063348416289593 0.2328767123287671 0.5927601809954751 0.2705479452054794
0 0.6040723981900453 0.3082191780821918 0.6153846153846154 0.363013698630137 0.6809954751131222 0.18493150684931506 0.6764705882352942 0.13013698630136986 0.6402714932126697 0.136986301369863 0.6380090497737557 0.2089041095890411 0.6040723981900453 0.3082191780821918
0 0.7624434389140272 0.2636986301369863 0.7782805429864255 0.22602739726027396 0.7828054298642535 0.1541095890410959 0.7760180995475113 0.14383561643835616 0.7420814479638009 0.1541095890410959 0.7420814479638009 0.2054794520547945 0.7624434389140272 0.2636986301369863
0 0.7647058823529412 0.273972602739726 0.7895927601809956 0.3527397260273972 0.8393665158371042 0.22945205479452052 0.830316742081448 0.19863013698630136 0.834841628959276 0.13356164383561642 0.7941176470588236 0.13013698630136986 0.7873303167420815 0.1404109589041096 0.7850678733031675 0.20205479452054792 0.7647058823529412 0.273972602739726
0 0.013574660633484163 0.5924657534246575 0.0022624434389140274 0.5616438356164384 0 0.613013698630137 0.013574660633484163 0.5924657534246575
0 0.9321266968325793 0.2568493150684931 0.9457013574660634 0.26712328767123283 0.9457013574660634 0.2910958904109589 0.9638009049773757 0.34793835616438357 0.9841628959276019 0.273972602739726 0.990950226244344 0.2568493150684931 0.9829049773755657 0.13021575342465755 0.9356470588235295 0.12260616438356164 0.9253393665158371 0.22945205479452052 0.9321266968325793 0.2568493150684931