5 0.1015625 0.6708984375 0.1328125 0.068359375
5 0.2333984375 0.66015625 0.1083984375 0.080078125
5 0.337890625 0.65234375 0.1044921875 0.0390625
5 0.115234375 0.748046875 0.150390625 0.0439453125
5 0.0869140625 0.8017578125 0.13671875 0.052734375
5 0.236328125 0.7880859375 0.1455078125 0.0341796875
5 0.365234375 0.70703125 0.1123046875 0.056640625
5 0.244140625 0.73046875 0.12109375 0.0546875
5 0.3564453125 0.857421875 0.12890625 0.095703125
5 0.2216796875 0.8740234375 0.1435546875 0.1044921875
5 0.4755859375 0.8525390625 0.1162109375 0.111328125
5 0.4814453125 0.6484375 0.087890625 0.048828125
5 0.466796875 0.6884765625 0.10546875 0.0517578125
5 0.576171875 0.7080078125 0.087890625 0.0185546875
5 0.56640625 0.7451171875 0.0888671875 0.0146484375
5 0.58203125 0.8154296875 0.08984375 0.0703125
5 0.671875 0.796875 0.0869140625 0.0888671875
5 0.8232421875 0.7490234375 0.07421875 0.080078125
5 0.892578125 0.7421875 0.0625 0.080078125
5 0.7275390625 0.6923828125 0.0615234375 0.0166015625
5 0.435546875 0.2646484375 0.1181640625 0.11328125
5 0.4609375 0.3759765625 0.1103515625 0.1103515625
5 0.5595703125 0.2880859375 0.1142578125 0.111328125
5 0.572265625 0.3857421875 0.09375 0.09375
5 0.6611328125 0.2841796875 0.0908203125 0.111328125
5 0.671875 0.3876953125 0.0966796875 0.0693359375
5 0.751953125 0.2958984375 0.0771484375 0.0830078125
5 0.75390625 0.3828125 0.0869140625 0.078125
5 0.8359375 0.29296875 0.0869140625 0.0927734375
5 0.841796875 0.392578125 0.07421875 0.0849609375
5 0.9111328125 0.3046875 0.06640625 0.078125
5 0.91796875 0.3818359375 0.052734375 0.076171875
5 0.3046875 0.2490234375 0.15234375 0.103515625
5 0.3330078125 0.3671875 0.14453125 0.099609375
5 0.14453125 0.236328125 0.15625 0.1259765625
5 0.181640625 0.361328125 0.14453125 0.150390625