5 0.3037109375 0.6474609375 0.4248046875 0.1611328125
5 0.7275390625 0.6337890625 0.39453125 0.1708984375
5 0.3017578125 0.8310546875 0.486328125 0.2216796875
5 0.7509765625 0.90234375 0.4013671875 0.1953125
5 0.7451171875 0.765625 0.3935546875 0.0869140625
5 0.3486328125 0.07421875 0.3427734375 0.080078125
5 0.3203125 0.1630859375 0.3232421875 0.1015625
5 0.3740234375 0.267578125 0.361328125 0.1044921875
5 0.35546875 0.34765625 0.298828125 0.046875
5 0.3916015625 0.4130859375 0.3466796875 0.05078125
5 0.7060546875 0.0888671875 0.3076171875 0.080078125
5 0.7265625 0.263671875 0.2998046875 0.068359375
5 0.708984375 0.181640625 0.318359375 0.0849609375
5 0.7060546875 0.3369140625 0.294921875 0.0615234375
5 0.7080078125 0.3984375 0.3115234375 0.0625
5 0.7197265625 0.4599609375 0.318359375 0.083984375