1 0.9263888888888889 0.44343891402714936 0.9625 0.44117647058823534 0.9916666666666667 0.16063348416289594 0.9888888888888889 0.12895927601809956 0.9986111111111111 0.07692307692307693 0.9986111111111111 0.022624434389140274 0.9944444444444445 0.013574660633484163 0.9388888888888889 0.011312217194570137 0.8847222222222223 0.027149321266968326 0.875 0.06108597285067874 0.8555555555555556 0.28054298642533937 0.851388888888889 0.4298642533936652 0.9263888888888889 0.44343891402714936
1 0.8416666666666667 0.42533936651583715 0.8597222222222223 0.22171945701357468 0.8611111111111112 0.10407239819004525 0.8666666666666667 0.06787330316742082 0.8652777777777778 0.03619909502262444 0.8597222222222223 0.027149321266968326 0.7791666666666667 0.031674208144796386 0.7666666666666667 0.04072398190045249 0.7472222222222222 0.28280542986425344 0.7430555555555556 0.414027149321267 0.8416666666666667 0.42533936651583715
1 0.7166666666666667 0.414027149321267 0.7388888888888889 0.40950226244343896 0.7583333333333334 0.07239819004524888 0.7527777777777778 0.04072398190045249 0.6694444444444445 0.05203619909502263 0.6625 0.07918552036199096 0.6541666666666667 0.27601809954751133 0.6555555555555556 0.40271493212669685 0.7166666666666667 0.414027149321267
1 0.6458333333333334 0.3981900452488688 0.6541666666666667 0.2714932126696833 0.6569444444444444 0.056561085972850686 0.5972222222222222 0.05203619909502263 0.5833333333333334 0.05882352941176471 0.5750000000000001 0.14027149321266968 0.5750000000000001 0.38914027149321273 0.6458333333333334 0.3981900452488688
1 0.5055555555555555 0.3800904977375566 0.5694444444444444 0.38914027149321273 0.5722222222222223 0.07013574660633484 0.5583333333333333 0.06334841628959277 0.5111111111111112 0.06561085972850679 0.5055555555555555 0.07692307692307693 0.5013888888888889 0.12895927601809956 0.5 0.28054298642533937 0.5055555555555555 0.3800904977375566
1 0.375 0.2692307692307693 0.38333333333333336 0.328054298642534 0.3819444444444445 0.3574660633484163 0.3944444444444445 0.36651583710407243 0.4902777777777778 0.3778280542986426 0.49722222222222223 0.3552036199095023 0.49583333333333335 0.07918552036199096 0.45972222222222225 0.07239819004524888 0.3791666666666667 0.08371040723981901 0.3763888888888889 0.11085972850678734 0.3791666666666667 0.2149321266968326 0.375 0.2692307692307693
1 0.3819444444444445 0.3619909502262444 0.43472222222222223 0.36877828054298645 0.4388888888888889 0.35067873303167424 0.43194444444444446 0.2714932126696833 0.43472222222222223 0.0904977375565611 0.4291666666666667 0.08371040723981901 0.37777777777777777 0.08823529411764706 0.3763888888888889 0.26244343891402716 0.3819444444444445 0.3619909502262444
1 0.32916666666666666 0.35294117647058826 0.37777777777777777 0.3619909502262444 0.3736111111111111 0.09502262443438915 0.3680555555555556 0.08823529411764706 0.3277777777777778 0.0904977375565611 0.32222222222222224 0.10407239819004525 0.32222222222222224 0.29864253393665163 0.32916666666666666 0.35294117647058826
1 0.28194444444444444 0.3416289592760181 0.28611111111111115 0.35067873303167424 0.325 0.3552036199095023 0.3194444444444445 0.0995475113122172 0.2763888888888889 0.09728506787330318 0.275 0.251131221719457 0.28194444444444444 0.3416289592760181
1 0.23472222222222222 0.21266968325791857 0.23055555555555557 0.26018099547511314 0.23750000000000002 0.33484162895927605 0.24444444444444446 0.3438914027149322 0.2791666666666667 0.3484162895927602 0.27222222222222225 0.10633484162895929 0.26944444444444443 0.0995475113122172 0.25 0.0995475113122172 0.23055555555555557 0.1085972850678733 0.22916666666666669 0.1742081447963801 0.23472222222222222 0.21266968325791857
1 0.23055555555555557 0.3416289592760181 0.23472222222222222 0.33710407239819007 0.23472222222222222 0.29864253393665163 0.22777777777777777 0.10633484162895929 0.19583333333333333 0.10407239819004525 0.1902777777777778 0.11312217194570137 0.19583333333333333 0.330316742081448 0.23055555555555557 0.3416289592760181
1 0.1625 0.328054298642534 0.19166666666666668 0.33257918552036203 0.19583333333333333 0.31221719457013575 0.1875 0.11538461538461539 0.18472222222222223 0.1085972850678733 0.15416666666666667 0.11085972850678734 0.1527777777777778 0.17873303167420815 0.1625 0.328054298642534
1 0.13055555555555556 0.3235294117647059 0.15416666666666667 0.330316742081448 0.15972222222222224 0.3257918552036199 0.15972222222222224 0.30316742081447967 0.15 0.11538461538461539 0.12638888888888888 0.11312217194570137 0.11944444444444445 0.12217194570135748 0.12916666666666668 0.31674208144796384 0.13055555555555556 0.3235294117647059
1 0.12222222222222223 0.3235294117647059 0.1277777777777778 0.30090497737556565 0.11805555555555557 0.12443438914027151 0.10972222222222222 0.11538461538461539 0.09027777777777778 0.12217194570135748 0.10138888888888889 0.3144796380090498 0.12222222222222223 0.3235294117647059
1 0.09583333333333334 0.31900452488687786 0.10138888888888889 0.3054298642533937 0.08750000000000001 0.12443438914027151 0.075 0.12669683257918554 0.08333333333333334 0.30995475113122173 0.09583333333333334 0.31900452488687786
1 0.6166666666666667 0.8936651583710408 0.6416666666666667 0.907239819004525 0.6472222222222223 0.8800904977375567 0.6638888888888889 0.5950226244343892 0.6180555555555556 0.5859728506787331 0.6097222222222223 0.7420814479638009 0.6097222222222223 0.8778280542986426 0.6166666666666667 0.8936651583710408
1 0.6944444444444444 0.9638009049773757 0.7263888888888889 0.9705882352941178 0.7458333333333333 0.656108597285068 0.7416666666666667 0.6176470588235294 0.6777777777777778 0.5995475113122173 0.6652777777777779 0.6108597285067874 0.6541666666666667 0.6719457013574661 0.6472222222222223 0.8122171945701359 0.6486111111111111 0.9343891402714933 0.6944444444444444 0.9638009049773757
1 0.7388888888888889 0.9841628959276019 0.7625000000000001 0.9977375565610861 0.8236111111111112 0.9954751131221721 0.8388888888888889 0.7647058823529412 0.85 0.6832579185520362 0.8472222222222222 0.6470588235294118 0.7708333333333334 0.6244343891402715 0.7527777777777778 0.6357466063348417 0.7347222222222223 0.907239819004525 0.7333333333333334 0.9728506787330318 0.7388888888888889 0.9841628959276019
1 0.9361111111111111 0.9977375565610861 0.9611111111111111 0.7760180995475113 0.9638888888888889 0.6877828054298644 0.9527777777777778 0.6764705882352942 0.9041666666666667 0.6674208144796381 0.888888888888889 0.656108597285068 0.8597222222222223 0.660633484162896 0.8486111111111111 0.7036199095022625 0.8361111111111111 0.8529411764705883 0.8277777777777778 0.9977375565610861 0.9361111111111111 0.9977375565610861
1 0.9986111111111111 0.9977375565610861 0.9986111111111111 0.6877828054298644 0.9819444444444445 0.6900452488687784 0.9680555555555556 0.7330316742081449 0.951388888888889 0.9004524886877829 0.9444444444444445 0.9977375565610861 0.9986111111111111 0.9977375565610861
1 0.5222222222222223 0.8665158371040724 0.5791666666666667 0.8936651583710408 0.5888888888888889 0.8665158371040724 0.5944444444444444 0.7262443438914028 0.5930555555555556 0.6199095022624435 0.5875 0.6040723981900453 0.5916666666666667 0.574660633484163 0.5347222222222222 0.5610859728506787 0.5208333333333334 0.576923076923077 0.5166666666666667 0.6176470588235294 0.5152777777777778 0.8506787330316743 0.5222222222222223 0.8665158371040724
1 0.4527777777777778 0.828054298642534 0.5027777777777778 0.8529411764705883 0.5111111111111112 0.8371040723981901 0.5125000000000001 0.5520361990950227 0.4666666666666667 0.5407239819004526 0.44722222222222224 0.5542986425339367 0.4444444444444445 0.8144796380090499 0.4527777777777778 0.828054298642534
1 0.41111111111111115 0.8054298642533937 0.44027777777777777 0.8144796380090499 0.4430555555555556 0.5667420814479639 0.4513888888888889 0.5361990950226245 0.4083333333333333 0.5248868778280543 0.3902777777777778 0.5429864253393666 0.39166666666666666 0.7873303167420815 0.41111111111111115 0.8054298642533937
1 0.34305555555555556 0.7601809954751132 0.3652777777777778 0.7805429864253395 0.3861111111111111 0.7850678733031675 0.3902777777777778 0.7737556561085973 0.3902777777777778 0.7149321266968326 0.38472222222222224 0.5633484162895928 0.3861111111111111 0.5361990950226245 0.39722222222222225 0.5180995475113123 0.35694444444444445 0.5090497737556562 0.3388888888888889 0.5203619909502263 0.33611111111111114 0.6651583710407241 0.34305555555555556 0.7601809954751132
1 0.3 0.744343891402715 0.3375 0.7601809954751132 0.33472222222222225 0.5248868778280543 0.3472222222222222 0.5067873303167422 0.30694444444444446 0.495475113122172 0.2916666666666667 0.5113122171945702 0.29444444444444445 0.7330316742081449 0.3 0.744343891402715
1 0.2888888888888889 0.7352941176470589 0.29444444444444445 0.7194570135746607 0.2888888888888889 0.6696832579185521 0.2888888888888889 0.5045248868778281 0.3027777777777778 0.49321266968325794 0.26666666666666666 0.48416289592760187 0.24861111111111112 0.49773755656108604 0.25416666666666665 0.7149321266968326 0.2888888888888889 0.7352941176470589
1 0.21666666666666667 0.6945701357466064 0.2513888888888889 0.7126696832579186 0.25416666666666665 0.6923076923076924 0.24583333333333335 0.6199095022624435 0.24444444444444446 0.5226244343891403 0.24722222222222223 0.4909502262443439 0.25833333333333336 0.48190045248868785 0.23055555555555557 0.4728506787330317 0.2111111111111111 0.48416289592760187 0.20833333333333334 0.5361990950226245 0.21666666666666667 0.6945701357466064
1 0.2125 0.6923076923076924 0.2152777777777778 0.66289592760181 0.20972222222222223 0.6244343891402715 0.20694444444444446 0.4864253393665159 0.22083333333333335 0.4683257918552037 0.1875 0.46153846153846156 0.1736111111111111 0.47511312217194573 0.18194444444444446 0.6742081447963801 0.2125 0.6923076923076924
1 0.17777777777777778 0.6719457013574661 0.17083333333333334 0.5135746606334842 0.1763888888888889 0.46153846153846156 0.1638888888888889 0.4524886877828055 0.14027777777777778 0.46606334841628966 0.1486111111111111 0.6538461538461539 0.17777777777777778 0.6719457013574661
1 0.11805555555555557 0.6357466063348417 0.14305555555555557 0.6538461538461539 0.14722222222222223 0.6493212669683258 0.14722222222222223 0.6176470588235294 0.1375 0.45927601809954754 0.1513888888888889 0.45022624434389147 0.12916666666666668 0.4457013574660634 0.11111111111111112 0.4547511312217195 0.10833333333333334 0.4796380090497738 0.11805555555555557 0.6357466063348417
1 0.11527777777777778 0.6380090497737557 0.10833333333333334 0.5113122171945702 0.1125 0.4389140271493213 0.08888888888888889 0.4343891402714932 0.07916666666666666 0.4479638009049774 0.09027777777777778 0.6221719457013575 0.11527777777777778 0.6380090497737557
1 0.0625 0.5927601809954751 0.07083333333333333 0.6176470588235294 0.08750000000000001 0.6221719457013575 0.07916666666666666 0.4366515837104073 0.0638888888888889 0.42307692307692313 0.05277777777777778 0.42760180995475117 0.051388888888888894 0.46606334841628966 0.0625 0.5927601809954751
1 0.051388888888888894 0.8642533936651584 0.06527777777777778 0.8687782805429864 0.059722222222222225 0.7126696832579186 0.036111111111111115 0.6968325791855204 0.04583333333333334 0.8506787330316743 0.051388888888888894 0.8642533936651584
1 0.06944444444444445 0.8687782805429864 0.07361111111111111 0.8846153846153847 0.09166666666666667 0.8914027149321267 0.08472222222222223 0.7262443438914028 0.0625 0.7149321266968326 0.059722222222222225 0.7420814479638009 0.06944444444444445 0.8687782805429864
1 0.09861111111111112 0.907239819004525 0.11666666666666667 0.914027149321267 0.11111111111111112 0.744343891402715 0.08888888888888889 0.7352941176470589 0.09444444444444444 0.8914027149321267 0.09861111111111112 0.907239819004525
1 0.1277777777777778 0.9343891402714933 0.14166666666666666 0.9411764705882354 0.14722222222222223 0.9343891402714933 0.14722222222222223 0.914027149321267 0.14027777777777778 0.7647058823529412 0.11805555555555557 0.746606334841629 0.11388888888888889 0.7533936651583711 0.12083333333333333 0.9208144796380091 0.1277777777777778 0.9343891402714933
1 0.15416666666666667 0.9570135746606335 0.1736111111111111 0.9660633484162897 0.17777777777777778 0.9457013574660634 0.17083333333333334 0.7850678733031675 0.1527777777777778 0.7714932126696833 0.14583333333333334 0.7714932126696833 0.14305555555555557 0.7828054298642535 0.15 0.9434389140271494 0.15416666666666667 0.9570135746606335
1 0.19444444444444445 0.993212669683258 0.20972222222222223 0.993212669683258 0.20416666666666666 0.8054298642533937 0.17500000000000002 0.7918552036199096 0.18194444444444446 0.9751131221719458 0.19444444444444445 0.993212669683258
1 0.24444444444444446 0.9977375565610861 0.24027777777777778 0.828054298642534 0.2138888888888889 0.8099547511312218 0.20833333333333334 0.8144796380090499 0.2138888888888889 0.993212669683258 0.24444444444444446 0.9977375565610861
1 0.28055555555555556 0.9977375565610861 0.28055555555555556 0.8574660633484164 0.24444444444444446 0.8371040723981901 0.24861111111111112 0.9954751131221721 0.28055555555555556 0.9977375565610861
1 0.32222222222222224 0.9977375565610861 0.32222222222222224 0.8846153846153847 0.28611111111111115 0.8597285067873304 0.28194444444444444 0.8687782805429864 0.2833333333333333 0.9977375565610861 0.32222222222222224 0.9977375565610861
1 0.36944444444444446 0.9977375565610861 0.37083333333333335 0.9208144796380091 0.33611111111111114 0.8914027149321267 0.325 0.8959276018099548 0.325 0.9977375565610861 0.36944444444444446 0.9977375565610861
1 0.41944444444444445 0.9977375565610861 0.4222222222222222 0.9570135746606335 0.41805555555555557 0.9479638009049774 0.3819444444444445 0.9230769230769231 0.37222222222222223 0.9298642533936653 0.37222222222222223 0.9977375565610861 0.41944444444444445 0.9977375565610861