1 0.004155124653739612 0.7109375 0.024930747922437674 0.720703125 0.09695290858725762 0.7109375 0.10249307479224377 0.69921875 0.10526315789473684 0.619140625 0.10249307479224377 0.416015625 0.11357340720221606 0.34765625 0.07756232686980609 0.330078125 0.009695290858725761 0.330078125 0.004155124653739612 0.3515625 0.004155124653739612 0.7109375
1 0.12188365650969529 0.7265625 0.17174515235457063 0.728515625 0.18559556786703602 0.330078125 0.12188365650969529 0.330078125 0.11357340720221606 0.36328125 0.10664819944598337 0.580078125 0.1038781163434903 0.70703125 0.12188365650969529 0.7265625
1 0.17174515235457063 0.6484375 0.1786703601108033 0.68359375 0.17590027700831026 0.73046875 0.18975069252077562 0.748046875 0.20637119113573407 0.75390625 0.2673130193905817 0.75 0.2756232686980609 0.345703125 0.28254847645429365 0.326171875 0.23268698060941828 0.3125 0.19390581717451524 0.31640625 0.18282548476454294 0.3828125 0.1772853185595568 0.611328125 0.17174515235457063 0.6484375
1 0.27977839335180055 0.76171875 0.3157894736842105 0.775390625 0.38365650969529086 0.765625 0.3961218836565097 0.787109375 0.4293628808864266 0.798828125 0.48476454293628807 0.79296875 0.49445983379501385 0.7734375 0.4903047091412742 0.73046875 0.49584487534626037 0.71875 0.4986149584487535 0.615234375 0.49445983379501385 0.57421875 0.5 0.52734375 0.49722991689750695 0.337890625 0.5013850415512465 0.30078125 0.4487534626038781 0.2890625 0.40166204986149584 0.296875 0.39196675900277006 0.3125 0.3407202216066482 0.302734375 0.2880886426592798 0.30859375 0.278393351800554 0.357421875 0.2742382271468144 0.556640625 0.27146814404432135 0.75 0.27977839335180055 0.76171875
1 0.5110803324099723 0.814453125 0.538781163434903 0.828125 0.5983379501385041 0.83203125 0.6232686980609419 0.82421875 0.6426592797783933 0.802734375 0.6440443213296398 0.791015625 0.6454293628808865 0.337890625 0.6343490304709142 0.283203125 0.6218836565096952 0.2734375 0.5914127423822715 0.267578125 0.5277008310249307 0.2734375 0.5083102493074793 0.287109375 0.5110803324099723 0.298828125 0.5013850415512465 0.337890625 0.4986149584487535 0.79296875 0.5110803324099723 0.814453125
1 0.6689750692520776 0.833984375 0.7049861495844876 0.8515625 0.7659279778393352 0.85546875 0.7880886426592798 0.84765625 0.8074792243767313 0.818359375 0.8060941828254847 0.62109375 0.8019390581717452 0.619140625 0.8074792243767313 0.59765625 0.8047091412742382 0.328125 0.7950138504155124 0.265625 0.7880886426592798 0.2578125 0.7520775623268698 0.25 0.7063711911357341 0.25390625 0.6634349030470914 0.26953125 0.6565096952908587 0.27734375 0.646814404432133 0.337890625 0.649584487534626 0.80859375 0.6689750692520776 0.833984375
1 0.8379501385041551 0.869140625 0.8905817174515236 0.890625 0.9515235457063712 0.8984375 0.9833795013850416 0.890625 0.9986149584487535 0.875 0.9986149584487535 0.287109375 0.9875346260387812 0.236328125 0.9764542936288089 0.2265625 0.9210526315789473 0.220703125 0.8421052631578947 0.240234375 0.8199445983379502 0.259765625 0.8199445983379502 0.283203125 0.8130193905817175 0.3046875 0.814404432132964 0.83984375 0.8379501385041551 0.869140625
1 0.33240997229916897 0.998046875 0.3448753462603878 0.978515625 0.3490304709141274 0.947265625 0.3462603878116344 0.90234375 0.3060941828254848 0.8828125 0.2562326869806094 0.892578125 0.23684210526315788 0.912109375 0.23684210526315788 0.931640625 0.22437673130193905 0.962890625 0.22437673130193905 0.998046875 0.33240997229916897 0.998046875
1 0.21745152354570638 0.998046875 0.22160664819944598 0.958984375 0.23130193905817176 0.93359375 0.22714681440443213 0.8828125 0.21329639889196675 0.8671875 0.1814404432132964 0.865234375 0.16759002770083103 0.87109375 0.15650969529085873 0.8984375 0.12188365650969529 0.888671875 0.10249307479224377 0.953125 0.10249307479224377 0.998046875 0.21745152354570638 0.998046875
1 0.09833795013850416 0.998046875 0.0997229916897507 0.951171875 0.11357340720221606 0.904296875 0.1038781163434903 0.880859375 0.07479224376731301 0.87109375 0.06925207756232687 0.86328125 0.07202216066481995 0.84765625 0.0664819944598338 0.84375 0.030470914127423823 0.86328125 0.013850415512465374 0.923828125 0.015235457063711912 0.998046875 0.09833795013850416 0.998046875
1 0.008310249307479225 0.998046875 0.012465373961218837 0.916015625 0.019390581717451522 0.89453125 0.03462603878116344 0.85546875 0.06509695290858726 0.837890625 0.07063711911357341 0.8203125 0.04709141274238227 0.80859375 0.00554016620498615 0.814453125 0.004155124653739612 0.998046875 0.008310249307479225 0.998046875
1 0.4695290858725762 0.998046875 0.46537396121883656 0.978515625 0.4695290858725762 0.951171875 0.4556786703601108 0.93359375 0.4390581717451524 0.92578125 0.4002770083102493 0.923828125 0.37119113573407203 0.93359375 0.3559556786703601 0.943359375 0.3476454293628809 0.962890625 0.3448753462603878 0.998046875 0.4695290858725762 0.998046875