1 0.5823095823095823 0.47761194029850745 0.5995085995085995 0.48955223880597015 0.6511056511056511 0.48955223880597015 0.6658476658476659 0.373134328358209 0.6633906633906633 0.23582089552238805 0.5945945945945946 0.2417910447761194 0.5847665847665847 0.3402985074626866 0.5896805896805897 0.4328358208955224 0.5823095823095823 0.47761194029850745
1 0.6756756756756757 0.4746268656716418 0.7125307125307125 0.45671641791044776 0.7272727272727273 0.2507462686567164 0.7174447174447174 0.22686567164179106 0.6756756756756757 0.22686567164179106 0.6683046683046683 0.24477611940298508 0.6633906633906633 0.4537313432835821 0.6756756756756757 0.4746268656716418
1 0.7542997542997543 0.4537313432835821 0.7665847665847666 0.373134328358209 0.7321867321867321 0.3761194029850746 0.7174447174447174 0.40298507462686567 0.714987714987715 0.4537313432835821 0.7542997542997543 0.4537313432835821
1 0.7395577395577395 0.3701492537313433 0.769041769041769 0.35522388059701493 0.7788697788697788 0.23582089552238805 0.7714987714987714 0.2208955223880597 0.7518427518427518 0.21791044776119403 0.7297297297297297 0.21791044776119403 0.7248157248157248 0.23582089552238805 0.7223587223587223 0.36716417910447763 0.7395577395577395 0.3701492537313433
1 0.8058968058968059 0.4328358208955224 0.8304668304668305 0.23880597014925373 0.8206388206388207 0.21492537313432836 0.7788697788697788 0.21492537313432836 0.7665847665847666 0.4417910447761194 0.8058968058968059 0.4328358208955224
1 0.8206388206388207 0.42388059701492536 0.8427518427518428 0.42388059701492536 0.8673218673218673 0.2955223880597015 0.8722358722358722 0.208955223880597 0.8304668304668305 0.21492537313432836 0.8206388206388207 0.31044776119402984 0.8132678132678133 0.41194029850746267 0.8206388206388207 0.42388059701492536
1 0.85995085995086 0.41194029850746267 0.8869778869778869 0.40298507462686567 0.914004914004914 0.23880597014925373 0.914004914004914 0.208955223880597 0.9041769041769041 0.2 0.8771498771498771 0.2 0.8722358722358722 0.21492537313432836 0.855036855036855 0.3850746268656716 0.85995085995086 0.41194029850746267
1 0.5749385749385749 0.46865671641791046 0.5798525798525799 0.42686567164179107 0.538083538083538 0.41194029850746267 0.542997542997543 0.4626865671641791 0.5749385749385749 0.46865671641791046
1 0.5307125307125307 0.3940298507462687 0.5405405405405406 0.22985074626865673 0.5307125307125307 0.21791044776119403 0.5061425061425061 0.21791044776119403 0.49385749385749383 0.22985074626865673 0.48894348894348894 0.3761194029850746 0.5307125307125307 0.3940298507462687
1 0.49385749385749383 0.43582089552238806 0.5233415233415233 0.44776119402985076 0.5282555282555282 0.408955223880597 0.49877149877149873 0.3940298507462687 0.4914004914004914 0.3940298507462687 0.49385749385749383 0.43582089552238806
1 0.5773955773955773 0.408955223880597 0.5921375921375921 0.23582089552238805 0.547911547911548 0.22985074626865673 0.538083538083538 0.2656716417910448 0.5356265356265356 0.3940298507462687 0.5773955773955773 0.408955223880597
1 0.44963144963144963 0.417910447761194 0.457002457002457 0.4298507462686567 0.48648648648648646 0.4328358208955224 0.4791154791154791 0.36716417910447763 0.48648648648648646 0.3582089552238806 0.4914004914004914 0.22388059701492538 0.45208845208845205 0.21791044776119403 0.44471744471744473 0.22686567164179106 0.44963144963144963 0.417910447761194
1 0.4176904176904177 0.41194029850746267 0.44226044226044225 0.417910447761194 0.44717444717444715 0.21194029850746268 0.4348894348894349 0.20298507462686569 0.4103194103194103 0.21194029850746268 0.41277641277641275 0.39104477611940297 0.4176904176904177 0.41194029850746267
1 0.6535626535626535 0.23283582089552238 0.6609336609336609 0.22388059701492538 0.6142506142506142 0.21492537313432836 0.6117936117936118 0.22985074626865673 0.6535626535626535 0.23283582089552238
1 0.5528255528255528 0.21194029850746268 0.5724815724815725 0.2 0.57002457002457 0.191044776119403 0.5233415233415233 0.19701492537313434 0.5233415233415233 0.208955223880597 0.5528255528255528 0.21194029850746268
1 0.7174447174447174 0.21492537313432836 0.7125307125307125 0.20298507462686569 0.6683046683046683 0.20597014925373133 0.6707616707616707 0.2208955223880597 0.7174447174447174 0.21492537313432836
1 0.7223587223587223 0.21194029850746268 0.7592137592137592 0.19402985074626866 0.7248157248157248 0.1880597014925373 0.714987714987715 0.19402985074626866 0.7223587223587223 0.21194029850746268
1 0.8181818181818181 0.19701492537313434 0.8427518427518428 0.1880597014925373 0.7911547911547911 0.18208955223880596 0.7911547911547911 0.191044776119403 0.8181818181818181 0.19701492537313434
1 0.7764127764127764 0.20298507462686569 0.7911547911547911 0.19402985074626866 0.7813267813267813 0.191044776119403 0.7567567567567567 0.19701492537313434 0.7764127764127764 0.20298507462686569
1 0.6142506142506142 0.2 0.601965601965602 0.1880597014925373 0.5773955773955773 0.191044776119403 0.5675675675675675 0.20597014925373133 0.6142506142506142 0.2
1 0.5847665847665847 0.20298507462686569 0.5601965601965602 0.2 0.5626535626535626 0.21194029850746268 0.5847665847665847 0.20298507462686569
1 0.597051597051597 0.22388059701492538 0.6093366093366093 0.21492537313432836 0.601965601965602 0.20597014925373133 0.5626535626535626 0.21194029850746268 0.5601965601965602 0.2208955223880597 0.597051597051597 0.22388059701492538
1 0.1597051597051597 0.7343283582089553 0.15233415233415232 0.6746268656716418 0.171990171990172 0.6537313432835821 0.14987714987714987 0.6477611940298508 0.1375921375921376 0.6656716417910448 0.1375921375921376 0.7104477611940299 0.1597051597051597 0.7343283582089553
1 0.19164619164619165 0.7761194029850746 0.18427518427518427 0.7164179104477612 0.20638820638820637 0.6835820895522388 0.18427518427518427 0.6656716417910448 0.16953316953316952 0.6686567164179105 0.16461916461916462 0.7253731343283583 0.19164619164619165 0.7761194029850746
1 0.10565110565110565 0.6537313432835821 0.11793611793611794 0.6925373134328359 0.1375921375921376 0.7104477611940299 0.13267813267813267 0.6388059701492538 0.1425061425061425 0.6238805970149254 0.12530712530712532 0.6059701492537314 0.10565110565110565 0.6298507462686567 0.10565110565110565 0.6537313432835821