5 0.0126953125 0.8125 0.025390625 0.046875
5 0.0556640625 0.814453125 0.05078125 0.0419921875
5 0.109375 0.8193359375 0.041015625 0.0390625
5 0.0166015625 0.8564453125 0.029296875 0.041015625
5 0.0615234375 0.859375 0.05078125 0.0419921875
5 0.1201171875 0.861328125 0.048828125 0.0244140625
5 0.1748046875 0.8583984375 0.0458984375 0.025390625
5 0.228515625 0.8525390625 0.0400390625 0.04296875
5 0.0166015625 0.8974609375 0.0283203125 0.0400390625
5 0.0654296875 0.8994140625 0.056640625 0.0439453125
5 0.119140625 0.896484375 0.05078125 0.0322265625
5 0.1748046875 0.8994140625 0.048828125 0.0439453125
5 0.2314453125 0.90234375 0.048828125 0.046875
5 0.28515625 0.8994140625 0.0400390625 0.0380859375
5 0.1259765625 0.9326171875 0.0380859375 0.037109375
5 0.1767578125 0.9345703125 0.0615234375 0.033203125
5 0.0732421875 0.9404296875 0.046875 0.033203125
5 0.2314453125 0.9404296875 0.037109375 0.037109375
5 0.287109375 0.9501953125 0.046875 0.03515625