5 0.015625 0.16020671834625325 0.13715277777777776 0.15503875968992248 0.13020833333333331 0.04909560723514212 0.008680555555555556 0.05426356589147287 0.008680555555555556 0.12661498708010335 0.015625 0.16020671834625325
5 0.1423611111111111 0.268733850129199 0.13541666666666666 0.16279069767441862 0.015625 0.16795865633074936 0.020833333333333332 0.2713178294573644 0.1423611111111111 0.268733850129199
5 0.14583333333333331 0.37467700258397935 0.1423611111111111 0.2764857881136951 0.020833333333333332 0.2764857881136951 0.024305555555555552 0.37467700258397935 0.14583333333333331 0.37467700258397935
5 0.2673611111111111 0.16020671834625325 0.2638888888888889 0.04909560723514212 0.13715277777777776 0.04909560723514212 0.1440972222222222 0.15762273901808785 0.2673611111111111 0.16020671834625325
5 0.14756944444444445 0.268733850129199 0.2725694444444444 0.268733850129199 0.2673611111111111 0.165374677002584 0.1440972222222222 0.16279069767441862 0.140625 0.20155038759689922 0.14756944444444445 0.268733850129199
5 0.27604166666666663 0.37467700258397935 0.2708333333333333 0.2764857881136951 0.14756944444444445 0.2739018087855297 0.15104166666666666 0.37467700258397935 0.27604166666666663 0.37467700258397935
5 0.27604166666666663 0.15762273901808785 0.3993055555555555 0.16020671834625325 0.3993055555555555 0.04909560723514212 0.2725694444444444 0.043927648578811374 0.2690972222222222 0.12661498708010335 0.27604166666666663 0.15762273901808785
5 0.3975694444444444 0.37209302325581395 0.4005451388888889 0.27697416020671833 0.28125 0.2764857881136951 0.28125 0.37209302325581395 0.3975694444444444 0.37209302325581395
5 0.2777777777777778 0.2713178294573644 0.3993055555555555 0.2661498708010336 0.3975694444444444 0.24289405684754523 0.39856076388888884 0.21789405684754523 0.3975694444444444 0.16795865633074936 0.27604166666666663 0.165374677002584 0.2725694444444444 0.23514211886304912 0.2777777777777778 0.2713178294573644
5 0.5086805555555556 0.165374677002584 0.5295138888888888 0.15762273901808785 0.532986111111111 0.06201550387596899 0.5277777777777778 0.04909560723514212 0.40451388888888884 0.046511627906976744 0.40625 0.16020671834625325 0.5086805555555556 0.165374677002584
5 0.5260416666666666 0.268733850129199 0.5277777777777778 0.23255813953488372 0.5190972222222222 0.18863049095607237 0.5260416666666666 0.18087855297157623 0.5243055555555556 0.16795865633074936 0.40451388888888884 0.16795865633074936 0.40625 0.268733850129199 0.5260416666666666 0.268733850129199
5 0.6527777777777778 0.15503875968992248 0.6510416666666666 0.04909560723514212 0.5347222222222222 0.056847545219638244 0.5364583333333333 0.15503875968992248 0.6527777777777778 0.15503875968992248
5 0.6527777777777778 0.37209302325581395 0.6493055555555555 0.2713178294573644 0.5295138888888888 0.2739018087855297 0.5277777777777778 0.37209302325581395 0.6527777777777778 0.37209302325581395
5 0.5243055555555556 0.37209302325581395 0.5243055555555556 0.2764857881136951 0.40451388888888884 0.2739018087855297 0.40451388888888884 0.37467700258397935 0.5243055555555556 0.37209302325581395
5 0.6510416666666666 0.268733850129199 0.6510416666666666 0.16020671834625325 0.53125 0.165374677002584 0.53125 0.2661498708010336 0.6510416666666666 0.268733850129199
5 0.7795138888888888 0.16020671834625325 0.782986111111111 0.0516795865633075 0.6597222222222222 0.0516795865633075 0.657986111111111 0.15762273901808785 0.7795138888888888 0.16020671834625325
5 0.7777777777777777 0.26356589147286824 0.7777777777777777 0.23514211886304912 0.7708333333333333 0.22997416020671835 0.7777777777777777 0.165374677002584 0.657986111111111 0.165374677002584 0.6597222222222222 0.2661498708010336 0.7777777777777777 0.26356589147286824
5 0.9097222222222222 0.1524547803617571 0.907986111111111 0.08527131782945736 0.9149305555555555 0.0723514211886305 0.9149305555555555 0.046511627906976744 0.7899305555555555 0.04909560723514212 0.7864583333333333 0.056847545219638244 0.7864583333333333 0.15762273901808785 0.9097222222222222 0.1524547803617571
5 0.837890625 0.2109375 0.001953125 0.0048828125
5 0.9114583333333333 0.26098191214470284 0.9114583333333333 0.15762273901808785 0.7899305555555555 0.16020671834625325 0.7847222222222222 0.17054263565891473 0.7864583333333333 0.26356589147286824 0.9114583333333333 0.26098191214470284
5 0.7881944444444444 0.37209302325581395 0.907986111111111 0.3695090439276486 0.907986111111111 0.2713178294573644 0.7847222222222222 0.2764857881136951 0.782986111111111 0.36175710594315247 0.7881944444444444 0.37209302325581395
5 0.7795138888888888 0.3695090439276486 0.782986111111111 0.3281653746770026 0.7760416666666666 0.3049095607235142 0.78125 0.2713178294573644 0.65625 0.2739018087855297 0.657986111111111 0.37467700258397935 0.7795138888888888 0.3695090439276486
5 0.9895833333333333 0.3669250645994832 0.9878472222222222 0.2713178294573644 0.9166666666666666 0.2713178294573644 0.9149305555555555 0.3695090439276486 0.9895833333333333 0.3669250645994832
5 0.9895833333333333 0.26356589147286824 0.9878472222222222 0.16020671834625325 0.9184027777777777 0.16020671834625325 0.9149305555555555 0.17829457364341086 0.9149305555555555 0.2661498708010336 0.9895833333333333 0.26356589147286824
5 0.08506944444444443 0.7958656330749354 0.08680555555555555 0.7157622739018088 0.08159722222222222 0.689922480620155 0.003472222222222222 0.6873385012919897 0.001736111111111111 0.6976744186046512 0.005208333333333333 0.7906976744186047 0.08506944444444443 0.7958656330749354
5 0.022569444444444444 0.8733850129198967 0.024305555555555552 0.9069767441860466 0.03819444444444444 0.9147286821705427 0.09201388888888888 0.9121447028423773 0.08333333333333333 0.8010335917312662 0.001736111111111111 0.8087855297157623 0 0.8578811369509044 0.022569444444444444 0.8733850129198967
5 0.07291666666666666 0.6821705426356589 0.07465277777777778 0.5684754521963824 0.09027777777777778 0.5478036175710594 0.005208333333333333 0.5581395348837209 0.003472222222222222 0.6744186046511628 0.07291666666666666 0.6821705426356589
5 0.0798611111111111 0.6718346253229974 0.08506944444444443 0.6847545219638244 0.2065972222222222 0.6795865633074936 0.2065972222222222 0.6330749354005168 0.19618055555555555 0.6046511627906977 0.22395833333333331 0.5478036175710594 0.109375 0.5503875968992248 0.08506944444444443 0.5607235142118864 0.078125 0.5710594315245479 0.0798611111111111 0.6718346253229974
5 0.21354166666666666 0.7984496124031009 0.21180555555555555 0.6950904392764858 0.2065972222222222 0.6847545219638244 0.08680555555555555 0.689922480620155 0.09201388888888888 0.8010335917312662 0.21354166666666666 0.7984496124031009
5 0.21701388888888887 0.9069767441860466 0.19444444444444442 0.8294573643410853 0.21180555555555555 0.8087855297157623 0.0954861111111111 0.8087855297157623 0.09895833333333333 0.9121447028423773 0.21701388888888887 0.9069767441860466
5 0.3472222222222222 0.9198966408268734 0.3454861111111111 0.8113695090439277 0.2222222222222222 0.813953488372093 0.22395833333333331 0.917312661498708 0.3472222222222222 0.9198966408268734
5 0.3472222222222222 0.8036175710594315 0.34375 0.764857881136951 0.3350694444444444 0.764857881136951 0.32465277777777773 0.7364341085271318 0.3315972222222222 0.7209302325581396 0.3454861111111111 0.7183462532299741 0.3420138888888889 0.6925064599483205 0.21701388888888887 0.6976744186046512 0.2204861111111111 0.8087855297157623 0.3472222222222222 0.8036175710594315
5 0.21701388888888887 0.6925064599483205 0.34375 0.6873385012919897 0.34027777777777773 0.6072351421188631 0.3506944444444444 0.5452196382428941 0.23958333333333331 0.5503875968992248 0.21006944444444442 0.5736434108527132 0.21006944444444442 0.6770025839793282 0.21701388888888887 0.6925064599483205
5 0.4756944444444444 0.6821705426356589 0.4756944444444444 0.5452196382428941 0.359375 0.5478036175710594 0.3454861111111111 0.5633074935400517 0.3489583333333333 0.6873385012919897 0.4756944444444444 0.6821705426356589
5 0.3611111111111111 0.8087855297157623 0.47916666666666663 0.8036175710594315 0.4756944444444444 0.689922480620155 0.3506944444444444 0.6925064599483205 0.3506944444444444 0.7881136950904393 0.3611111111111111 0.8087855297157623
5 0.47916666666666663 0.9198966408268734 0.4756944444444444 0.8113695090439277 0.3506944444444444 0.8113695090439277 0.3524305555555555 0.9224806201550388 0.47916666666666663 0.9198966408268734
5 0.6076388888888888 0.6873385012919897 0.6076388888888888 0.5710594315245479 0.5972222222222222 0.5452196382428941 0.4895833333333333 0.5426356589147288 0.48090277777777773 0.5503875968992248 0.47916666666666663 0.6847545219638244 0.6076388888888888 0.6873385012919897
5 0.4861111111111111 0.8062015503875969 0.611111111111111 0.8036175710594315 0.6145833333333333 0.7571059431524548 0.6076388888888888 0.7467700258397933 0.6128472222222222 0.7209302325581396 0.6076388888888888 0.6925064599483205 0.48090277777777773 0.6925064599483205 0.48090277777777773 0.7932816537467701 0.4861111111111111 0.8062015503875969
5 0.4861111111111111 0.9250645994832042 0.611111111111111 0.9224806201550388 0.6076388888888888 0.8087855297157623 0.484375 0.8113695090439277 0.48090277777777773 0.888888888888889 0.4861111111111111 0.9250645994832042
5 0.7413194444444444 0.9198966408268734 0.7447916666666666 0.8449612403100776 0.7395833333333333 0.8087855297157623 0.6145833333333333 0.8113695090439277 0.6128472222222222 0.9224806201550388 0.7413194444444444 0.9198966408268734
5 0.6145833333333333 0.8036175710594315 0.7413194444444444 0.8062015503875969 0.7430555555555555 0.6976744186046512 0.6649305555555555 0.689922480620155 0.6145833333333333 0.689922480620155 0.6145833333333333 0.8036175710594315
5 0.611111111111111 0.5736434108527132 0.6128472222222222 0.6847545219638244 0.7430555555555555 0.6847545219638244 0.7430555555555555 0.5839793281653747 0.7291666666666666 0.5555555555555556 0.7065972222222222 0.5400516795865633 0.6128472222222222 0.5452196382428941 0.6024305555555555 0.5478036175710594 0.611111111111111 0.5736434108527132
5 0.7465277777777778 0.5839793281653747 0.7482638888888888 0.6847545219638244 0.8784722222222222 0.6795865633074936 0.8784722222222222 0.6124031007751938 0.8663194444444444 0.6046511627906977 0.8802083333333333 0.5839793281653747 0.8802083333333333 0.5658914728682171 0.8472222222222222 0.5426356589147288 0.8211805555555555 0.5400516795865633 0.7291666666666666 0.5478036175710594 0.7465277777777778 0.5839793281653747
5 0.875 0.8036175710594315 0.876736111111111 0.689922480620155 0.7482638888888888 0.689922480620155 0.7482638888888888 0.8062015503875969 0.875 0.8036175710594315
5 0.8680555555555555 0.9147286821705427 0.8697916666666666 0.8087855297157623 0.7465277777777778 0.813953488372093 0.7447916666666666 0.9198966408268734 0.8680555555555555 0.9147286821705427
5 0.9895833333333333 0.9121447028423773 0.986111111111111 0.8010335917312662 0.8802083333333333 0.8010335917312662 0.875 0.8113695090439277 0.876736111111111 0.917312661498708 0.9895833333333333 0.9121447028423773
5 0.9895833333333333 0.7984496124031009 0.986111111111111 0.6873385012919897 0.8802083333333333 0.6873385012919897 0.8802083333333333 0.7984496124031009 0.9895833333333333 0.7984496124031009
5 0.8871527777777777 0.5710594315245479 0.8888888888888888 0.5968992248062016 0.8819444444444444 0.6821705426356589 0.9895833333333333 0.6821705426356589 0.9895833333333333 0.5503875968992248 0.9305555555555555 0.5478036175710594 0.876736111111111 0.5529715762273902 0.8871527777777777 0.5710594315245479