2 0.024999999999999998 0.234006734006734 0.022321428571428572 0.2424242424242424 0.015178571428571428 0.24579124579124578 0.008035714285714285 0.28114478114478114 0 0.29966329966329963 0 0.5050505050505051 0.004464285714285714 0.5134680134680134 0.007142857142857143 0.5084175084175084 0.014285714285714285 0.4882154882154882 0.011607142857142858 0.47474747474747475 0.023214285714285715 0.4579124579124579 0.03214285714285714 0.4579124579124579 0.03482142857142857 0.46969696969696967 0.04285714285714286 0.473063973063973 0.07142857142857142 0.473063973063973 0.09464285714285714 0.47138047138047134 0.1075892857142857 0.4579124579124579 0.16785714285714284 0.4562289562289562 0.16785714285714284 0.44781144781144777 0.1526785714285714 0.4444444444444444 0.13839285714285715 0.4276094276094276 0.14017857142857143 0.39225589225589225 0.16607142857142856 0.3838383838383838 0.12410714285714285 0.23569023569023567 0.1125 0.16498316498316498 0.11875 0.14646464646464646 0.11517857142857142 0.12626262626262627 0.06428571428571428 0.10774410774410774 0.024999999999999998 0.1111111111111111 0.022321428571428572 0.12289562289562289 0.030357142857142857 0.15488215488215487 0.024999999999999998 0.234006734006734
2 0.16607142857142856 0.9949494949494949 0.16607142857142856 0.7508417508417508 0.15178571428571427 0.7542087542087542 0.14732142857142858 0.7474747474747474 0.13660714285714284 0.771043771043771 0.12142857142857143 0.7744107744107743 0.10357142857142856 0.734006734006734 0.10357142857142856 0.7087542087542087 0.09910714285714285 0.6919191919191919 0.10357142857142856 0.6885521885521885 0.10267857142857142 0.6818181818181818 0.08482142857142858 0.6818181818181818 0.033035714285714286 0.702020202020202 0.0017857142857142857 0.7542087542087542 0 0.9983164983164983 0.16607142857142856 0.9949494949494949
1 0.016964285714285713 0.24747474747474746 0 0.29797979797979796 0 0.9983164983164983 0.14107142857142857 0.9949494949494949 0.14375 0.9865319865319865 0.15357142857142855 0.978114478114478 0.15803571428571428 0.9831649831649831 0.1607142857142857 0.9747474747474747 0.15178571428571427 0.9528619528619529 0.15 0.9292929292929293 0.16964285714285715 0.7895622895622896 0.16874999999999998 0.734006734006734 0.17589285714285713 0.7053872053872053 0.17142857142857143 0.6094276094276094 0.17232142857142857 0.5151515151515151 0.16874999999999998 0.5117845117845118 0.17410714285714285 0.4764309764309764 0.17232142857142857 0.46464646464646464 0.18303571428571427 0.4276094276094276 0.17589285714285713 0.4292929292929293 0.16785714285714284 0.4006734006734007 0.16785714285714284 0.3855218855218855 0.1607142857142857 0.3771043771043771 0.15982142857142856 0.35858585858585856 0.12589285714285714 0.24747474747474746 0.11428571428571428 0.1919191919191919 0.11160714285714285 0.1632996632996633 0.11964285714285713 0.14983164983164982 0.11428571428571428 0.05892255892255892 0.10178571428571428 0.0404040404040404 0.06964285714285715 0.025252525252525252 0.03571428571428571 0.025252525252525252 0.02589285714285714 0.03198653198653199 0.022321428571428572 0.045454545454545456 0.023214285714285715 0.132996632996633 0.016964285714285713 0.24747474747474746
1 0.18571428571428572 0.771043771043771 0.1839285714285714 0.7861952861952861 0.1875 0.8063973063973063 0.18839285714285714 0.8383838383838383 0.18571428571428572 0.845117845117845 0.18928571428571428 0.8501683501683501 0.18482142857142855 0.8703703703703703 0.19285714285714284 0.8787878787878788 0.19464285714285715 0.8888888888888888 0.18571428571428572 0.904040404040404 0.18839285714285714 0.9208754208754208 0.1982142857142857 0.9410774410774411 0.1919642857142857 0.9629629629629629 0.19553571428571428 0.9747474747474747 0.19464285714285715 0.9932659932659932 0.29910714285714285 0.9983164983164983 0.32767857142857143 0.9966329966329965 0.3339285714285714 0.9932659932659932 0.3366071428571428 0.9831649831649831 0.3419642857142857 0.9865319865319865 0.3464285714285714 0.9747474747474747 0.34375 0.9562289562289562 0.3508928571428571 0.9478114478114478 0.3383928571428571 0.9343434343434343 0.3339285714285714 0.9208754208754208 0.35178571428571426 0.8703703703703703 0.3508928571428571 0.8619528619528619 0.34285714285714286 0.8535353535353535 0.3464285714285714 0.8417508417508417 0.34285714285714286 0.8299663299663299 0.3526785714285714 0.7744107744107743 0.3508928571428571 0.7457912457912458 0.3580357142857143 0.734006734006734 0.35982142857142857 0.7188552188552189 0.35892857142857143 0.7053872053872053 0.35535714285714287 0.702020202020202 0.35982142857142857 0.6717171717171717 0.35982142857142857 0.5 0.35535714285714287 0.45286195286195285 0.3580357142857143 0.4343434343434343 0.35357142857142854 0.4276094276094276 0.3366071428571428 0.33838383838383834 0.32232142857142854 0.29292929292929293 0.30892857142857144 0.23063973063973062 0.3026785714285714 0.18181818181818182 0.30624999999999997 0.16835016835016833 0.3080357142857143 0.1127946127946128 0.3044642857142857 0.08585858585858586 0.3 0.07912457912457913 0.2901785714285714 0.09764309764309764 0.29732142857142857 0.11616161616161616 0.28660714285714284 0.12794612794612795 0.27499999999999997 0.12457912457912457 0.25357142857142856 0.1313131313131313 0.22678571428571428 0.1212121212121212 0.22678571428571428 0.1531986531986532 0.23035714285714284 0.1616161616161616 0.2294642857142857 0.2037037037037037 0.21428571428571427 0.2845117845117845 0.19464285714285715 0.3451178451178451 0.18928571428571428 0.38047138047138046 0.18839285714285714 0.44781144781144777 0.17857142857142858 0.46969696969696967 0.17946428571428572 0.7424242424242424 0.18571428571428572 0.771043771043771
1 0.42232142857142857 0.13804713804713803 0.4607142857142857 0.13636363636363635 0.4875 0.14983164983164982 0.4875 0.08249158249158249 0.48482142857142857 0.06902356902356901 0.4776785714285714 0.0606060606060606 0.45357142857142857 0.050505050505050504 0.42857142857142855 0.05218855218855219 0.41428571428571426 0.0606060606060606 0.4080357142857143 0.07744107744107744 0.4080357142857143 0.14646464646464646 0.42232142857142857 0.13804713804713803
1 0.5473214285714285 0.7575757575757576 0.5401785714285714 0.7794612794612794 0.5455357142857142 0.7929292929292929 0.5455357142857142 0.8063973063973063 0.5571428571428572 0.8249158249158248 0.5553571428571429 0.8383838383838383 0.5464285714285714 0.845117845117845 0.5428571428571428 0.8569023569023568 0.5482142857142857 0.8855218855218855 0.5526785714285715 0.8855218855218855 0.5589285714285714 0.898989898989899 0.5589285714285714 0.9326599326599326 0.5419642857142857 0.9511784511784511 0.5464285714285714 0.9579124579124578 0.5464285714285714 0.9865319865319865 0.5553571428571429 0.9949494949494949 0.6785714285714286 0.9932659932659932 0.6803571428571429 0.9747474747474747 0.6919642857142857 0.946127946127946 0.69375 0.8973063973063973 0.7062499999999999 0.8282828282828283 0.7062499999999999 0.7946127946127945 0.7116071428571429 0.7457912457912458 0.7151785714285714 0.7407407407407407 0.7133928571428572 0.702020202020202 0.7169642857142857 0.6952861952861953 0.7205357142857143 0.5067340067340067 0.7062499999999999 0.3552188552188552 0.68125 0.265993265993266 0.6705357142857142 0.20202020202020202 0.66875 0.1616161616161616 0.6741071428571428 0.14646464646464646 0.6749999999999999 0.0707070707070707 0.6678571428571428 0.04882154882154882 0.6232142857142857 0.045454545454545456 0.6053571428571428 0.05218855218855219 0.5946428571428571 0.06902356902356901 0.5919642857142857 0.13468013468013468 0.5964285714285714 0.1919191919191919 0.5776785714285714 0.28787878787878785 0.5767857142857142 0.30808080808080807 0.5651785714285714 0.35016835016835013 0.5526785714285715 0.372053872053872 0.5410714285714285 0.4781144781144781 0.5392857142857143 0.6952861952861953 0.5473214285714285 0.7575757575757576
1 0.71875 0.5707070707070707 0.7214285714285714 0.5942760942760943 0.7196428571428571 0.6818181818181818 0.725 0.7104377104377104 0.7196428571428571 0.7188552188552189 0.7214285714285714 0.7323232323232323 0.7116071428571429 0.8164983164983165 0.7125 0.8282828282828283 0.71875 0.8282828282828283 0.7267857142857143 0.8417508417508417 0.7205357142857143 0.8552188552188552 0.725 0.8569023569023568 0.7321428571428571 0.904040404040404 0.7191964285714285 0.9309764309764309 0.7133928571428572 0.9326599326599326 0.7357142857142857 0.9629629629629629 0.7589285714285714 0.9612794612794613 0.7696428571428571 0.9696969696969696 0.7794642857142857 0.9949494949494949 0.88125 0.9949494949494949 0.8848214285714285 0.9814814814814814 0.8821428571428571 0.9646464646464646 0.8857142857142857 0.8653198653198653 0.8901785714285714 0.8552188552188552 0.8892857142857142 0.8282828282828283 0.8946428571428571 0.803030303030303 0.9017857142857143 0.6683501683501684 0.8991071428571429 0.6582491582491582 0.8991071428571429 0.5993265993265993 0.9026785714285714 0.4797979797979798 0.9008928571428572 0.44107744107744107 0.8973214285714285 0.42087542087542085 0.8910714285714285 0.41077441077441074 0.8928571428571428 0.37037037037037035 0.8642857142857142 0.28114478114478114 0.8491071428571428 0.19023569023569023 0.85625 0.12962962962962962 0.8553571428571428 0.0707070707070707 0.8517857142857143 0.05555555555555555 0.8401785714285714 0.04882154882154882 0.8071428571428572 0.050505050505050504 0.78125 0.062289562289562284 0.7714285714285714 0.07407407407407407 0.7669642857142857 0.132996632996633 0.7678571428571428 0.1632996632996633 0.7732142857142857 0.18686868686868685 0.7696428571428571 0.2255892255892256 0.7464285714285714 0.32154882154882153 0.7285714285714285 0.3686868686868687 0.7196428571428571 0.4276094276094276 0.7232142857142857 0.4882154882154882 0.71875 0.5707070707070707
1 0.9080357142857143 0.5050505050505051 0.9044642857142857 0.5740740740740741 0.9080357142857143 0.5774410774410774 0.9089285714285714 0.5942760942760943 0.9044642857142857 0.5959595959595959 0.9035714285714286 0.6043771043771043 0.9044642857142857 0.7003367003367003 0.9008928571428572 0.7171717171717171 0.9 0.8164983164983165 0.8937499999999999 0.8316498316498316 0.8901785714285714 0.877104377104377 0.8919642857142857 0.8973063973063973 0.8875 0.9444444444444444 0.8901785714285714 0.9932659932659932 0.9991071428571429 0.9983164983164983 0.9991071428571429 0.057239057239057235 0.96875 0.06397306397306397 0.9428571428571428 0.08754208754208753 0.9383928571428571 0.14646464646464646 0.9428571428571428 0.18013468013468012 0.9410714285714286 0.21548821548821548 0.9241071428571428 0.2962962962962963 0.8973214285714285 0.37037037037037035 0.8955357142857142 0.3888888888888889 0.9044642857142857 0.4377104377104377 0.9080357142857143 0.5050505050505051
1 0.896484375 0.166015625 0.1591796875 0.0546875
1 0.11607142857142856 0.16498316498316498 0.11607142857142856 0.1835016835016835 0.12857142857142856 0.24915824915824913 0.16607142857142856 0.3754208754208754 0.17142857142857143 0.3855218855218855 0.18125 0.38720538720538716 0.1982142857142857 0.3148148148148148 0.18303571428571427 0.2441077441077441 0.1875 0.2138047138047138 0.18482142857142855 0.14814814814814814 0.17857142857142858 0.13804713804713803 0.15714285714285714 0.12794612794612795 0.12142857142857143 0.1313131313131313 0.1232142857142857 0.1414141414141414 0.11607142857142856 0.16498316498316498
1 0.3053571428571428 0.17845117845117844 0.3053571428571428 0.19360269360269358 0.31339285714285714 0.24747474747474746 0.34732142857142856 0.3771043771043771 0.35535714285714287 0.3956228956228956 0.35892857142857143 0.3956228956228956 0.3625 0.39225589225589225 0.3669642857142857 0.3653198653198653 0.34285714285714286 0.2946127946127946 0.3392857142857143 0.2727272727272727 0.33749999999999997 0.23232323232323232 0.3419642857142857 0.2138047138047138 0.3392857142857143 0.1531986531986532 0.33303571428571427 0.1414141414141414 0.31607142857142856 0.132996632996633 0.3107142857142857 0.13636363636363635 0.30892857142857144 0.14814814814814814 0.31339285714285714 0.1616161616161616 0.3053571428571428 0.17845117845117844
1 0.337890625 0.2470703125 0.009765625 0.0185546875
1 0.3625 0.2558922558922559 0.35892857142857143 0.24747474747474746 0.3580357142857143 0.2542087542087542 0.3625 0.2558922558922559
1 0.5571428571428572 0.2962962962962963 0.5598214285714286 0.28787878787878785 0.5571428571428572 0.24579124579124578 0.5276785714285714 0.2441077441077441 0.5178571428571428 0.2542087542087542 0.5178571428571428 0.29292929292929293 0.5571428571428572 0.2962962962962963
1 0.5595703125 0.3095703125 0.041015625 0.005859375
1 0.7053571428571428 0.335016835016835 0.7160714285714286 0.4006734006734007 0.7196428571428571 0.4006734006734007 0.7258928571428571 0.372053872053872 0.7383928571428571 0.35185185185185186 0.7571428571428571 0.2744107744107744 0.7696428571428571 0.20033670033670034 0.7696428571428571 0.17845117845117844 0.7625 0.16835016835016833 0.7642857142857142 0.132996632996633 0.7258928571428571 0.13973063973063973 0.7160714285714286 0.14983164983164982 0.7142857142857143 0.1632996632996633 0.7142857142857143 0.27104377104377103 0.7053571428571428 0.335016835016835
1 0.85625 0.2138047138047138 0.8928571428571428 0.2037037037037037 0.91875 0.20538720538720537 0.9223214285714285 0.19696969696969696 0.9214285714285714 0.1447811447811448 0.9151785714285714 0.13468013468013468 0.8857142857142857 0.13468013468013468 0.8642857142857142 0.14309764309764308 0.8535714285714285 0.16666666666666666 0.8517857142857143 0.19696969696969696 0.85625 0.2138047138047138
1 0.22053571428571428 0.2424242424242424 0.22678571428571428 0.1919191919191919 0.21428571428571427 0.18686868686868685 0.18839285714285714 0.19023569023569023 0.18571428571428572 0.2424242424242424 0.22053571428571428 0.2424242424242424