2 0.2541176470588235 0.1422680412371134 0.2941176470588235 0.12989690721649486 0.3035294117647059 0.09072164948453608 0.29882352941176465 0.006185567010309279 0.025882352941176467 0 0.011764705882352941 0.024742268041237116 0.016470588235294115 0.1422680412371134 0.2541176470588235 0.1422680412371134
2 0.34117647058823525 0.1422680412371134 0.3741176470588235 0.15463917525773196 0.5458823529411764 0.15257731958762888 0.6470588235294117 0.1422680412371134 0.6705882352941176 0.12577319587628866 0.6823529411764705 0.026804123711340208 0.6776470588235294 0.01443298969072165 0.6658823529411764 0.012371134020618558 0.6164705882352941 0.016494845360824743 0.5552941176470588 0.004123711340206186 0.4112941176470588 0.010309278350515464 0.3529411764705882 0 0.3317647058823529 0.08453608247422681 0.32941176470588235 0.12164948453608247 0.34117647058823525 0.1422680412371134
2 0.6917647058823528 0.0577319587628866 0.72 0.12164948453608247 0.9976470588235293 0.15876288659793814 0.9976470588235293 0 0.6988235294117646 0 0.6917647058823528 0.004123711340206186 0.6917647058823528 0.0577319587628866
2 0.18352941176470586 0.2845360824742268 0.1764705882352941 0.26597938144329897 0.14352941176470588 0.26597938144329897 0.14588235294117646 0.2845360824742268 0.18352941176470586 0.2845360824742268
2 0.24941176470588233 0.32577319587628867 0.2729411764705882 0.31752577319587627 0.3035294117647059 0.3237113402061856 0.31999999999999995 0.3154639175257732 0.2917647058823529 0.14845360824742268 0.021176470588235293 0.15051546391752577 0.009411764705882352 0.16494845360824742 0.011764705882352941 0.32989690721649484 0.24941176470588233 0.32577319587628867
2 0.3317647058823529 0.22268041237113403 0.32235294117647056 0.2597938144329897 0.3576470588235294 0.34845360824742266 0.4141176470588235 0.3525773195876289 0.6776470588235294 0.3402061855670103 0.6988235294117646 0.27422680412371137 0.6917647058823528 0.177319587628866 0.6776470588235294 0.1422680412371134 0.6517647058823529 0.15257731958762888 0.5811764705882353 0.15463917525773196 0.3576470588235294 0.15670103092783505 0.3317647058823529 0.1463917525773196 0.31999999999999995 0.15257731958762888 0.3176470588235294 0.1958762886597938 0.3317647058823529 0.22268041237113403
2 0.7388235294117647 0.3422680412371134 0.9694117647058823 0.36082474226804123 0.9976470588235293 0.3525773195876289 0.9976470588235293 0.1711340206185567 0.84 0.14845360824742268 0.7152941176470587 0.1463917525773196 0.7105882352941176 0.3134020618556701 0.7388235294117647 0.3422680412371134
2 0.1952941176470588 0.6268041237113402 0.26352941176470585 0.6164948453608248 0.2964705882352941 0.6020618556701031 0.30117647058823527 0.5670103092783505 0.27999999999999997 0.46804123711340206 0.2776470588235294 0.39793814432989694 0.23764705882352938 0.40824742268041236 0.11294117647058823 0.41649484536082476 0.10588235294117646 0.3835051546391753 0.028235294117647056 0.3835051546391753 0.028235294117647056 0.40824742268041236 0.014117647058823528 0.41649484536082476 0.009411764705882352 0.44123711340206184 0.014117647058823528 0.6371134020618557 0.1952941176470588 0.6268041237113402
2 0.5576470588235294 0.575257731958763 0.5811764705882353 0.5814432989690722 0.6776470588235294 0.5422680412371134 0.6729411764705882 0.5195876288659794 0.6352941176470588 0.47216494845360824 0.6070588235294118 0.4618556701030928 0.5670588235294117 0.465979381443299 0.5341176470588235 0.49690721649484537 0.5435294117647058 0.5525773195876289 0.5576470588235294 0.575257731958763
2 0.3388235294117647 0.5793814432989691 0.3505882352941176 0.6268041237113402 0.5858823529411764 0.622680412371134 0.7058823529411764 0.6103092783505155 0.7152941176470587 0.5670103092783505 0.7035294117647058 0.4 0.588235294117647 0.40824742268041236 0.5623529411764705 0.4020618556701031 0.5552941176470588 0.4123711340206186 0.4729411764705882 0.4041237113402062 0.43999999999999995 0.4247422680412371 0.39999999999999997 0.4247422680412371 0.3952941176470588 0.4309278350515464 0.34117647058823525 0.422680412371134 0.32941176470588235 0.44948453608247424 0.3388235294117647 0.5793814432989691
2 0.7411764705882352 0.5072164948453608 0.7458823529411764 0.622680412371134 0.7929411764705881 0.6350515463917525 0.9976470588235293 0.6350515463917525 0.9929411764705881 0.4247422680412371 0.8894117647058822 0.3835051546391753 0.84 0.38969072164948454 0.8211764705882352 0.4 0.8141176470588235 0.38556701030927837 0.7811764705882352 0.38762886597938145 0.7599999999999999 0.39587628865979385 0.7411764705882352 0.465979381443299 0.7505882352941176 0.488659793814433 0.7411764705882352 0.5072164948453608
2 0.08470588235294117 0.9979381443298969 0.2329411764705882 0.9917525773195877 0.24235294117647058 0.9711340206185567 0.24470588235294116 0.8350515463917526 0.24235294117647058 0.7793814432989691 0.22823529411764704 0.7608247422680413 0.20941176470588233 0.7505154639175258 0.05647058823529411 0.7443298969072165 0.021176470588235293 0.7484536082474227 0.009411764705882352 0.7608247422680413 0.011764705882352941 0.9896907216494846 0.08470588235294117 0.9979381443298969
2 0.19921647058823527 0.7463917525773196 0.24470588235294116 0.7711340206185567 0.26352941176470585 0.7608247422680413 0.27058823529411763 0.711340206185567 0.2588235294117647 0.6989690721649485 0.27999999999999997 0.6597938144329897 0.268235294117647 0.6515463917525773 0.17176470588235293 0.6659793814432989 0.011764705882352941 0.6618556701030928 0.014117647058823528 0.7443298969072165 0.19921647058823527 0.7463917525773196
2 0.26352941176470585 0.9938144329896907 0.5835294117647059 0.9979381443298969 0.6141176470588234 0.9917525773195877 0.6635294117647058 0.9958762886597938 0.6847058823529412 0.9855670103092784 0.6917647058823528 0.9587628865979382 0.6894117647058823 0.8329896907216495 0.7129411764705882 0.7608247422680413 0.7035294117647058 0.7505154639175258 0.3905882352941176 0.7463917525773196 0.34117647058823525 0.7587628865979381 0.2823529411764706 0.7546391752577319 0.2588235294117647 0.777319587628866 0.2541176470588235 0.9381443298969072 0.26352941176470585 0.9938144329896907
2 0.5317647058823529 0.7051546391752578 0.5670588235294117 0.6969072164948453 0.5835294117647059 0.6824742268041237 0.5552941176470588 0.6639175257731958 0.5270588235294117 0.6618556701030928 0.5058823529411764 0.6639175257731958 0.4894117647058823 0.6762886597938145 0.4917647058823529 0.6989690721649485 0.5317647058823529 0.7051546391752578
2 0.3364705882352941 0.7525773195876289 0.3952941176470588 0.7381443298969073 0.41882352941176465 0.7402061855670103 0.42117647058823526 0.7216494845360825 0.4894117647058823 0.6989690721649485 0.4870588235294117 0.6762886597938145 0.5011764705882352 0.6639175257731958 0.4941176470588235 0.6577319587628866 0.36941176470588233 0.6597938144329897 0.34117647058823525 0.6701030927835052 0.2894117647058823 0.6680412371134021 0.2776470588235294 0.6804123711340206 0.27999999999999997 0.7443298969072165 0.3364705882352941 0.7525773195876289
2 0.28705882352941176 0.7484536082474227 0.3317647058823529 0.7546391752577319 0.668235294117647 0.7484536082474227 0.6964705882352941 0.7402061855670103 0.6894117647058823 0.6989690721649485 0.7105882352941176 0.6515463917525773 0.6188235294117647 0.6453608247422681 0.5788235294117646 0.6577319587628866 0.48235294117647054 0.6536082474226804 0.4588235294117647 0.6597938144329897 0.4376470588235294 0.6474226804123712 0.4117647058823529 0.6659793814432989 0.36941176470588233 0.6618556701030928 0.3529411764705882 0.6701030927835052 0.2917647058823529 0.6680412371134021 0.2823529411764706 0.6742268041237114 0.2776470588235294 0.7360824742268042 0.28705882352941176 0.7484536082474227
2 0.7176470588235293 0.7546391752577319 0.7364705882352941 0.7484536082474227 0.8635294117647058 0.7525773195876289 0.9623529411764705 0.7752577319587629 0.9976470588235293 0.756701030927835 0.9976470588235293 0.6927835051546392 0.8823529411764706 0.6865979381443299 0.8376470588235293 0.6742268041237114 0.7999999999999999 0.6845360824742268 0.7176470588235293 0.6680412371134021 0.7058823529411764 0.6742268041237114 0.7035294117647058 0.7402061855670103 0.7176470588235293 0.7546391752577319
2 0.6988235294117646 0.9938144329896907 0.7058823529411764 0.9979381443298969 0.9976470588235293 0.9979381443298969 0.9929411764705881 0.7649484536082475 0.9505882352941175 0.7711340206185567 0.8658823529411764 0.756701030927835 0.7341176470588234 0.756701030927835 0.7011764705882352 0.9443298969072165 0.708235294117647 0.9608247422680413 0.6988235294117646 0.9938144329896907